1 10000.0
2 7500.0
3 1111.1111111111113
4 1875.0
5 1600.0
6 833.3333333333335
7 1020.4081632653061
8 468.75
9 617.283950617284
10 700.0
11 413.2231404958679
12 486.1111111111112
13 295.85798816568047
14 408.16326530612247
15 355.5555555555556
16 273.4375
17 311.41868512110733
18 216.04938271604937
19 249.30747922437678
20 275.0
21 226.75736961451247
22 227.27272727272734
23 170.13232514177693
24 190.97222222222226
25 192.0
26 162.72189349112426
27 178.32647462277095
28 153.06122448979593
29 202.14030915576691
30 166.66666666666669
31 135.27575442247655
32 166.015625
33 119.37557392102846
34 129.75778546712806
35 155.10204081632654
36 146.60493827160494
37 124.17823228634039
38 103.87811634349032
39 111.76857330703487
40 118.75
41 101.13027959547888
42 119.04761904761904
43 108.1665765278529
44 98.14049586776862
45 118.51851851851853
46 89.79206049149337
47 108.64644635581709
48 82.4652777777778
49 91.62848812994586
50 104.0
51 84.58285274894271
52 85.05917159763314
53 74.75970096119616
54 92.5925925925926
55 92.56198347107437
56 76.53061224489797
57 101.56971375807939
58 80.2615933412604
59 71.81844297615628
60 77.77777777777779
61 75.24858908895459
62 72.840790842872
63 65.5076845553036
64 80.56640625
65 85.20710059171599
66 61.98347107438016
67 71.28536422365784
68 60.553633217993095
69 67.21277042638101
70 69.38775510204081
71 69.43066851815115
72 73.30246913580247
73 54.4192156126853
74 58.436815193571945
75 64.0
76 60.595567867036024
77 62.40512734019227
78 57.52794214332677
79 65.69460022432303
80 65.625
81 50.29721079103794
82 59.4883997620464
83 53.7088111482073
84 55.27210884353741
85 60.89965397923876
86 58.139534883720934
87 58.13185361342317
88 45.19628099173555
89 51.76114127004167
90 56.79012345679013
91 48.30334500664172
92 59.07372400756144
93 50.8729332870852
94 53.19148936170212
95 53.185595567867026
96 44.48784722222223
97 51.01498565203527
98 44.77301124531446
99 48.97459442913989
100 53.0
101 48.034506420939124
102 48.058439061899264
103 41.47422000188519
104 44.37869822485207
105 50.79365079365079
106 44.499822000711994
107 47.16569132675343
108 44.581618655692736
109 43.76735964986113
110 42.97520661157024
111 39.76949922895869
112 46.23724489795919
113 40.723627535437394
114 44.62911665127731
115 47.637051039697546
116 43.846611177170026
117 39.44773175542406
118 37.34559034760126
119 41.66372431325471
120 43.75000000000001
121 39.6147804111741
122 44.34291857027681
123 40.98089761385418
124 37.07075962539021
125 38.400000000000006
126 37.792894935752074
127 40.3000806001612
128 37.841796875
129 38.459227209903254
130 42.01183431952663
131 35.545714119223824
132 37.878787878787875
133 35.050031092769515
134 38.42726665181555
135 37.311385459533604
136 36.224048442906586
137 37.295540518940804
138 35.70678428901491
139 33.124579473112156
140 36.734693877551024
141 33.700518082591415
142 38.186867684983135
143 34.23150276297129
144 35.68672839506173
145 35.196195005945306
146 31.43178832801651
147 34.24499051321209
148 33.78378378378378
149 32.88140173866042
150 35.11111111111111
