1 0.0
2 0.014212287238611033
3 269.81563732300253
4 10.55497087883585
5 247.5201471905161
6 6.207443013094998
7 17.863513328381465
8 7.767670848670128
9 14.333959270676338
10 20.66506604298834
11 13.801961821318228
12 35.240585121331364
13 14.443195929664522
14 16.390026911438756
15 20.267835845263562
16 12.18744592168446
17 30.08081250428521
18 20.605914612875136
19 23.426768636482965
20 24.373650677062802
21 16.484448395061133
22 23.337066194058103
23 18.110632763585766
24 24.327151171073627
25 29.301345729473795
26 20.38747835109384
27 32.91464162255769
28 22.023927735896404
29 21.959822390362348
30 25.37740912239246
31 20.121286796826038
32 32.72556562211857
33 27.177468309262476
34 27.83548475082412
35 28.82041347987999
36 20.211071528368816
37 30.197533605372392
38 25.02269505596335
39 29.99876709152605
40 35.12988951485458
41 24.22867400709013
42 32.77310282667353
43 29.511434896911588
44 27.20093158474222
45 33.29055203879399
46 28.328379673638672
47 40.539982991284944
48 30.217877769985506
49 32.31375851455095
50 32.44476328149346
51 25.983298293714924
52 36.18821972565933
53 32.19909126714006
54 37.81623524953162
55 38.019715477126326
56 31.092571046278938
57 37.8476497693353
58 31.699083909502892
59 33.89850701542345
60 38.13619939734639
61 31.15403048965885
62 42.845635006343734
63 34.096182169804436
64 35.31185603356718
65 36.24869039358129
66 32.29056466833667
67 39.91177068037849
68 36.756085672189435
69 37.90137649207527
70 39.374277760159906
71 30.024581043367917
72 37.009810742040706
73 33.249637506641655
74 39.40786709017665
75 40.33617794752199
76 37.922067570570896
77 40.66207321342265
78 37.25457500037877
79 36.757611111561474
80 39.6194780738797
81 34.983839700860045
82 43.28430884941663
83 38.55023412932503
84 40.64140465627197
85 41.11869400225032
86 38.64011728051191
87 41.71274767438369
88 38.26083631603746
89 41.22615994074788
90 42.13221786183418
91 37.579814957637254
92 43.91590241424428
93 39.249787535068684
94 40.33203029729936
95 40.76710421026656
96 38.62898214994984
97 43.77073414245934
98 40.280736046389045
99 40.83691539058574
100 42.48869231523654
101 38.337983524975265
102 43.616475885672116
103 38.983874660255196
104 41.99153230089009
105 42.0679851443345
106 39.43585436313869
107 43.605455822122046
108 39.010400726409074
109 43.171510722371394
110 43.10494333925555
111 40.87805780936819
112 44.174523978500865
113 42.179801456041034
114 44.0369970839592
115 42.74318124379285
116 41.05429417994067
117 44.40618147016117
118 40.21770448939207
119 44.03425937615923
120 42.823295398158976
121 42.36829523702829
122 43.11965013040461
123 42.71541657018844
124 42.29646954392698
125 43.89071670217756
126 41.133774711166325
127 44.63688582852212
128 41.506607194934936
129 44.671518994628244
130 44.22913286865191
131 41.701614315734126
132 45.05139925994039
133 41.635669422350276
134 45.89492840961476
135 42.86530838908115
136 45.83152172501139
137 44.86228394297474
138 46.135309112009665
139 45.60753826390989
140 43.833897268348295
141 41.64469303474807
142 43.9541320308084
143 44.01655680022688
144 45.092476417312646
145 46.25481859448917
146 47.0536086888098
147 46.10839137846251
148 47.928829722659195
149 45.791882475228526
150 49.35147900123492
