1 10000.0
2 10000.0
3 1111.1111111111113
4 2500.0
5 2000.0
6 1111.1111111111113
7 1632.6530612244899
8 625.0
9 987.6543209876543
10 1200.0
11 661.1570247933886
12 833.3333333333335
13 473.37278106508876
14 765.3061224489796
15 533.3333333333334
16 468.75
17 553.6332179930797
18 370.3703703703703
19 443.21329639889206
20 500.0
21 430.8390022675737
22 413.2231404958679
23 302.45746691871454
24 347.2222222222223
25 320.0
26 295.85798816568047
27 329.2181069958848
28 293.36734693877554
29 356.71819262782395
30 311.11111111111114
31 249.73985431841828
32 322.265625
33 220.38567493112947
34 242.21453287197238
35 285.7142857142857
36 270.0617283950617
37 233.74726077428778
38 193.90581717451528
39 210.38790269559505
40 225.0
41 190.3628792385485
42 226.75736961451247
43 216.3331530557058
44 185.95041322314054
45 217.28395061728398
46 170.13232514177693
47 203.71208691715705
48 156.25000000000003
49 179.09204498125783
50 208.0
51 176.8550557477893
52 162.72189349112426
53 142.3994304022784
54 174.8971193415638
55 171.90082644628097
56 149.87244897959184
57 190.82794706063402
58 148.63258026159332
59 137.89141051422004
60 152.7777777777778
61 137.05993012631015
62 140.47866805411027
63 128.49584278155706
64 156.25
65 160.9467455621302
66 119.37557392102846
67 135.88772555134776
68 116.78200692041526
69 126.0239445494644
70 136.73469387755102
71 122.99146994643918
72 135.03086419753086
73 108.8384312253706
74 113.22132943754565
75 120.88888888888889
76 117.72853185595571
77 124.81025468038455
78 111.76857330703487
79 128.18458580355713
80 128.125
81 97.54610577655843
82 114.51516954193933
83 104.51444331543043
84 103.45804988662131
85 120.41522491349482
86 110.87074094104922
87 116.26370722684634
88 89.1012396694215
89 100.9973488195935
90 113.58024691358025
91 95.3991063881174
92 113.42155009451795
93 97.12105445716267
94 102.98777727478496
95 100.83102493074792
96 91.14583333333334
97 98.84153470081834
98 90.58725531028739
99 93.86797265585146
100 103.0
101 95.08871679247132
102 97.07804690503652
103 81.06324818550287
104 85.98372781065089
105 97.95918367346938
106 83.65966536133855
107 99.57201502314614
108 88.30589849108368
109 83.32631933338946
110 84.29752066115702
111 80.35062089116144
112 91.67729591836735
113 78.3146683373796
114 85.41089566020312
115 86.20037807183365
116 78.03210463733649
117 81.08700416392723
118 76.12754955472565
119 76.97196525669091
120 86.80555555555557
121 75.13148009015778
122 83.98280032249396
123 74.69099081234714
124 75.44224765868886
125 73.60000000000001
126 73.69614512471654
127 81.84016368032736
128 75.0732421875
129 73.31290186887807
130 80.4733727810651
131 69.34327836373173
132 74.0358126721763
133 69.53473910339758
134 74.06994876364448
135 70.78189300411522
136 69.20415224913496
137 71.3943204219724
138 69.31316950220543
139 64.1788727291548
140 70.91836734693878
141 67.40103616518283
142 71.91033525094227
143 68.46300552594258
144 67.03317901234567
145 67.06302021403093
146 61.92531431788328
147 64.7878198898607
148 68.9371804236669
149 66.66366379892798
150 69.77777777777777
