1 0.0
2 10.369170359488615
3 24.829727757495814
4 7.510187574950918
5 7.329494144283008
6 17.226911527044297
7 31.459426955645625
8 14.31223895293512
9 16.888967549224756
10 26.92421745963853
11 19.259285447902435
12 26.18918876172034
13 21.506168108885618
14 22.04815258073959
15 26.17169994622044
16 24.556422404802024
17 22.58263933441052
18 21.936901903320507
19 33.187636552794515
20 32.6107685389583
21 19.417513107140728
22 32.25711736970307
23 36.92724977497803
24 28.961496154140008
25 28.70945435288039
26 26.200925590646346
27 37.504663375076994
28 28.351567752495804
29 29.273875935105032
30 34.00326422893941
31 28.567674717529087
32 39.30534958595049
33 30.64462080402995
34 27.22901601400203
35 34.687496065590686
36 34.88071602734952
37 35.08969166524739
38 28.675407904172523
39 33.967750907696946
40 42.21590989657755
41 31.52084112588883
42 35.96739963439888
43 38.90256470884184
44 33.79801186128529
45 36.72458806148075
46 34.492039264407104
47 43.61486422746748
48 35.676855963365796
49 38.2216320016149
50 43.19772863763777
51 36.46616755164788
52 43.033682409324065
53 36.66038987542642
54 37.454935039393064
55 34.11461552333615
56 42.43141239298498
57 43.48482996600192
58 33.56831122976938
59 40.35511199254626
60 40.94584773423532
61 36.74620091893481
62 39.01076519116995
63 39.00352949460871
64 38.64745763326557
65 40.654209490043456
66 39.49016650702973
67 40.28868117624023
68 37.59257111844366
69 47.44035385802747
70 45.60705169506038
71 40.77371699958382
72 44.18829871421581
73 40.94734518058837
74 44.89614193832085
75 45.13613726260783
76 50.34516619747046
77 46.63904887189578
78 40.15279636053059
79 47.13746630918019
80 41.482156517355556
81 44.93496981018804
82 46.117817003226556
83 45.47516950160896
84 46.32135003632917
85 47.09088028176836
86 46.8834826118996
87 41.12704979945438
88 45.627798341529555
89 47.461079402486675
90 46.0222187229332
91 43.5616730913535
92 42.226085609904175
93 47.69389092691678
94 41.86554484697666
95 48.15076236648443
96 44.645155907453926
97 46.06889182973191
98 43.937860706606685
99 46.32919315916233
100 51.7409437316199
101 44.172767093912334
102 51.48159743000104
103 46.399000633080256
104 49.012022449132246
105 47.65080189985641
106 45.24311465851442
107 48.17858471528881
108 45.909134877846405
109 47.79283456439472
110 50.85745935028157
111 46.05643126221115
112 53.67871101579241
113 45.221785554184436
114 50.124403486774064
115 51.1706874782107
116 50.23097304119427
117 51.64010022566999
118 46.38371619810095
119 47.185472913184675
120 48.6016415080887
121 52.45159181941482
122 52.25867891939509
123 51.03500726138334
124 49.51332058926953
125 52.875756683125196
126 48.758704361974836
127 54.583104912731784
128 49.05375768495713
129 51.72220014392931
130 57.99387196711801
131 47.837350583901575
132 52.88743636124492
133 52.01561979238975
134 56.60722948259319
135 51.10212598311008
136 47.605224533293985
137 46.93219761387791
138 50.82082611868602
139 53.86236549406012
140 53.83796491208045
141 51.569078507679784
142 54.71436884655612
143 53.597437930375555
144 59.178165742505655
145 54.52736444025267
146 51.97839351319723
147 58.156786076313146
148 53.09555297288386
149 55.9370224044464
150 54.10812022750386
