1 10000.0
2 7500.0
3 4444.444444444445
4 2500.0
5 4400.0
6 2222.2222222222226
7 1428.5714285714287
8 1406.25
9 1234.567901234568
10 1700.0
11 826.4462809917358
12 763.888888888889
13 828.4023668639053
14 663.265306122449
15 844.4444444444446
16 625.0
17 622.8373702422147
18 524.6913580246913
19 554.0166204986151
20 625.0
21 453.51473922902494
22 433.8842975206613
23 415.8790170132325
24 364.58333333333337
25 496.0
26 384.61538461538464
27 342.93552812071334
28 331.6326530612245
29 356.71819262782395
30 366.6666666666667
31 280.95733610822055
32 273.4375
33 312.2130394857667
34 268.166089965398
35 285.7142857142857
36 277.77777777777777
37 262.9656683710738
38 277.00831024930756
39 262.9848783694938
40 281.25
41 226.05591909577632
42 232.42630385487527
43 237.96646836127638
44 206.61157024793394
45 222.22222222222226
46 241.02079395085065
47 212.76595744680847
48 212.67361111111114
49 212.41149521032904
50 248.0
51 199.92310649750095
52 188.6094674556213
53 188.67924528301887
54 178.32647462277095
55 198.3471074380165
56 191.3265306122449
57 184.6722068328716
58 184.30439952437573
59 183.85521401896006
60 180.55555555555557
61 169.3093254501478
62 169.0946930280957
63 171.3277903754094
64 156.25
65 160.9467455621302
66 169.88062442607895
67 171.53040766317667
68 147.0588235294118
69 157.5299306868305
70 165.3061224489796
71 152.74747073993254
72 154.320987654321
73 144.49240007506097
74 144.26588750913075
75 156.44444444444443
76 141.96675900277012
77 141.67650531286895
78 141.35437212360293
79 142.6053517064573
80 151.5625
81 134.12589544276784
82 129.38726948245093
83 143.70735955871683
84 133.21995464852608
85 131.48788927335642
86 136.56030286641428
87 136.08138459505878
88 131.7148760330579
89 122.45928544375711
90 130.8641975308642
91 126.79628064243451
92 131.1436672967864
93 119.08891201294946
94 115.43684925305567
95 127.42382271468142
96 125.86805555555557
97 123.28621532575191
98 120.78300708038319
99 120.39587797163557
100 124.0
101 114.69463778060974
102 117.26259131103421
103 118.76708455085304
104 114.64497041420118
105 112.47165532879818
106 110.35955856176575
107 114.42047340379072
108 112.31138545953361
109 112.78511909771906
110 109.91735537190081
111 108.75740605470335
112 114.79591836734694
113 112.77312240582663
114 103.87811634349029
115 102.83553875236295
116 105.52913198573125
117 103.73292424574475
118 104.85492674518815
119 103.80622837370242
120 102.08333333333334
121 106.55009903695104
122 104.13867239989251
123 102.45224403463546
124 101.45681581685741
125 98.56000000000002
126 100.78105316200552
127 97.96019592039184
128 100.7080078125
129 99.15269515053183
130 96.44970414201184
131 97.89639298409185
132 96.99265381083562
133 99.4968624568941
134 98.01737580752953
135 91.63237311385458
136 91.91176470588238
137 91.6404709893974
138 97.66855702583491
139 93.68045132239531
140 92.34693877551021
141 91.54469091091997
142 92.73953580638761
143 92.42505746002249
144 91.62808641975309
145 87.51486325802617
146 88.19665978607618
147 90.70294784580499
148 90.3944485025566
149 86.93302103508852
150 88.88888888888889
