1 0.0
2 4.822530394946847
3 7.7821408948520165
4 5.053001917830705
5 9.003949399913026
6 8.161442391147405
7 16.876081007504943
8 9.363133633951044
9 13.169980327698209
10 14.442514276402456
11 12.832141349667326
12 17.826361096743224
13 15.91209308815384
14 14.077216212832333
15 19.485922413065982
16 17.620111981410734
17 19.11818294902591
18 15.799501869788573
19 21.924627908961458
20 23.21610376230227
21 15.769828834666258
22 20.944035589982995
23 24.735726802450838
24 20.36248560321641
25 21.81906774297743
26 19.072378926510293
27 28.56723408314135
28 22.189300102185825
29 22.415095161101597
30 23.32204069070015
31 21.860696217415907
32 27.749937000670915
33 27.332451911201165
34 23.30586460053503
35 24.425963353385686
36 24.89494478806786
37 25.829858724974414
38 24.826070788760674
39 24.65789987519482
40 28.69125016893006
41 21.715688475387953
42 27.2755877717434
43 26.444281310929693
44 25.856868899783187
45 27.86150988188709
46 23.528847582480175
47 29.367320825380023
48 25.026031381516603
49 27.84258930979112
50 29.268477249751097
51 26.041521472295525
52 29.988984194366548
53 30.204839979134732
54 28.775269935927376
55 28.75583552441157
56 29.06221962501327
57 31.000749570943626
58 28.338206734496246
59 27.21920202605988
60 30.288750329945557
61 29.353701871256323
62 30.573662489727084
63 31.32730295176887
64 28.73715502004907
65 30.93007961822714
66 29.685915933251813
67 33.08579052100891
68 29.864381498623413
69 30.80154058373398
70 32.613706361532486
71 31.87201321593379
72 31.665724840052366
73 31.961929009478
74 31.626951307563974
75 30.913049467266095
76 30.783464488380016
77 32.51008339302983
78 31.92186915755588
79 31.66315571032761
80 31.434586737508905
81 33.26370990606568
82 32.95995912049716
83 31.785793166299985
84 31.454381162823918
85 31.58503188210738
86 33.13770653805172
87 32.45458594956033
88 33.57604427349166
89 32.18326997487074
90 32.944990985774396
91 31.461707120746354
92 35.148905553084454
93 32.95364562008995
94 33.537058394384616
95 31.976166156559582
96 32.379631554385874
97 34.36170292220032
98 32.34887170375046
99 32.41832929370962
100 31.853570773133026
101 33.233828676817616
102 32.57434560841376
103 33.18206674503809
104 32.409919957623075
105 31.963548793666522
106 33.09606127948625
107 35.672187539130974
108 33.7876256586281
109 32.646454792539295
110 33.51866569736946
111 32.87542240281342
112 32.9862998911045
113 34.18701475099473
114 34.268384144194314
115 32.009278184799
116 34.632645005382884
117 35.1793747791157
118 32.053599560896465
119 32.89569461340826
120 35.40719542319193
121 34.76054999959259
122 32.370711200358095
123 36.91596704748221
124 36.37540641780737
125 34.356443205102885
126 35.29678332731148
127 35.58815605680646
128 36.12067797344171
129 34.79870799512034
130 33.862987113540136
131 36.58155236202822
132 33.90781635284005
133 33.897182942313634
134 35.2805569127002
135 32.97602945630114
136 36.9075669759076
137 34.292898014403136
138 36.00420752825359
139 35.57350970539226
140 33.71558213757609
141 35.196880526366385
142 34.53659567791428
143 36.44079345679248
144 33.892670085586296
145 38.079004358283
146 37.04112759257327
147 36.49547101073425
148 35.99452475543913
149 37.09794478704028
150 36.272739782070104
