1 10000.0
2 5000.0
3 2222.2222222222226
4 1250.0
5 800.0
6 1111.1111111111113
7 612.2448979591837
8 625.0
9 617.283950617284
10 500.0
11 413.2231404958679
12 416.66666666666674
13 473.37278106508876
14 306.12244897959187
15 266.6666666666667
16 312.5
17 276.81660899653986
18 246.91358024691357
19 249.30747922437678
20 225.0
21 226.75736961451247
22 247.9338842975207
23 226.8431001890359
24 173.61111111111114
25 192.0
26 207.10059171597632
27 150.89163237311385
28 153.06122448979593
29 154.57788347205704
30 144.44444444444446
31 135.27575442247655
32 136.71875
33 165.2892561983471
34 129.75778546712806
35 114.28571428571429
36 138.88888888888889
37 131.4828341855369
38 124.65373961218839
39 131.4924391847469
40 112.5
41 107.07911957168352
42 107.70975056689342
43 108.1665765278529
44 103.30578512396697
45 93.82716049382717
46 108.69565217391303
47 108.64644635581709
48 86.80555555555557
49 99.95835068721367
50 108.0
51 92.2722029988466
52 99.85207100591715
53 92.55962976148095
54 82.3045267489712
55 82.64462809917354
56 86.09693877551021
57 86.18036318867343
58 74.31629013079666
59 80.43665613329503
60 77.77777777777779
61 72.56113947863479
62 91.05098855358999
63 83.14436885865456
64 73.2421875
65 66.27218934911242
66 84.94031221303948
67 84.65137001559368
68 67.0415224913495
69 67.21277042638101
70 67.34693877551021
71 61.49573497321959
72 75.23148148148148
73 67.55488834678175
74 62.089116143170195
75 62.22222222222222
76 65.78947368421053
77 65.77837746668915
78 60.81525312294544
79 68.89921486941196
80 60.9375
81 54.86968449931412
82 65.43723973825104
83 62.418348091159835
84 63.77551020408163
85 59.51557093425606
86 58.139534883720934
87 62.095389087065655
88 55.52685950413225
89 59.33594243151118
90 53.086419753086425
91 55.548846757637975
92 61.43667296786389
93 55.49774540409295
94 56.58669081032141
95 53.185595567867026
96 55.33854166666668
97 56.32904665745561
98 52.061640982923784
99 53.055810631568214
100 51.0
101 49.01480247034604
102 52.86428296808919
103 49.95758318408898
104 55.47337278106509
105 50.79365079365079
106 48.059807760768955
107 51.53288496811949
108 44.581618655692736
109 53.02583957579329
110 47.933884297520656
111 50.32059086113141
112 49.42602040816327
113 46.20565431905396
114 46.1680517082179
115 43.85633270321361
116 45.33293697978596
117 49.67492146979326
118 42.3728813559322
119 45.900713226467055
120 45.833333333333336
121 46.44491496482481
122 44.34291857027681
123 42.30286205301077
124 47.47658688865764
125 40.32000000000001
126 42.83194759385235
127 44.020088040176084
128 40.8935546875
129 43.8675560362959
130 40.828402366863905
131 41.95559699318222
132 43.044077134986225
133 40.13793883204251
134 42.88260191579417
135 37.86008230452674
136 40.00865051903115
137 40.49230113485002
138 39.907582440663724
139 40.37058123285544
140 36.734693877551024
141 41.74840299783713
142 38.186867684983135
143 36.187588635141076
144 40.027006172839506
145 37.0986920332937
146 37.99962469506474
147 38.40992179184599
148 36.97954711468225
149 38.7369938291068
150 37.77777777777778
