1 10000.0
2 5000.0
3 1111.1111111111113
4 1250.0
5 1200.0
6 555.5555555555557
7 612.2448979591837
8 312.5
9 370.3703703703703
10 500.0
11 247.9338842975207
12 208.33333333333337
13 177.5147928994083
14 204.08163265306123
15 266.6666666666667
16 156.25
17 138.40830449826993
18 123.45679012345678
19 138.50415512465378
20 200.0
21 113.37868480725623
22 103.30578512396697
23 94.5179584120983
24 86.80555555555557
25 144.0
26 88.75739644970415
27 123.4567901234568
28 76.53061224489797
29 71.34363852556478
30 111.11111111111113
31 72.840790842872
32 117.1875
33 64.2791551882461
34 60.553633217993095
35 97.9591836734694
36 54.01234567901234
37 94.95982468955441
38 55.40166204986151
39 52.59697567389876
40 87.5
41 47.59071980963712
42 90.70294784580499
43 48.67495943753381
44 46.487603305785136
45 69.13580246913581
46 42.53308128544423
47 81.48483476686282
48 39.06250000000001
49 54.144106622240734
50 64.0
51 38.446751249519416
52 77.66272189349112
53 35.5998576005696
54 51.440329218106996
55 59.50413223140495
56 35.0765306122449
57 64.63527239150507
58 32.69916765755053
59 48.83654122378626
60 50.00000000000001
61 32.24939532383768
62 59.83350676378771
63 30.234315948601658
64 48.828125
65 47.337278106508876
66 29.843893480257115
67 51.23635553575407
68 28.11418685121108
69 46.20877966813695
70 42.85714285714286
71 33.72346756595913
72 50.154320987654316
73 26.271345468192905
74 43.82761139517896
75 39.11111111111111
76 32.89473684210527
77 47.22550177095631
78 24.654832347140044
79 38.455375741067144
80 37.5
81 30.48315805517451
82 43.12908982748364
83 24.677021338365517
84 38.265306122448976
85 34.602076124567475
86 31.09789075175771
87 40.95653322763905
88 23.243801652892568
89 35.349072086857724
90 32.09876543209877
91 28.982007003985032
92 37.80718336483932
93 27.748872702046476
94 35.08374830239927
95 31.024930747922433
96 28.21180555555556
97 36.135614836858316
98 27.072053311120367
99 33.670033670033675
100 30.0
101 27.448289383393785
102 33.64090734332949
103 27.335281364878877
104 34.2085798816568
105 27.210884353741495
106 26.699893200427198
107 32.31723294610883
108 24.862825788751717
109 30.300479757596165
110 26.446280991735534
111 25.971917863809757
112 29.496173469387756
113 25.060693867961472
114 29.23976608187134
115 25.708884688090738
116 26.01070154577883
117 29.22054204105486
118 24.41827061189313
119 28.24659275474896
120 25.694444444444446
121 24.588484393142547
122 26.202633700618115
123 26.43928878313173
124 27.315296566077
125 25.600000000000005
126 25.19526329050138
127 25.42005084010168
128 24.4140625
129 25.839793281653748
130 25.443786982248522
131 23.891381621117652
132 24.678604224058766
133 24.874215614223527
134 23.947427043885053
135 23.59396433470507
136 22.70761245674741
137 23.97570461931909
138 25.20478890989288
139 24.32586305056674
140 23.46938775510204
141 22.634676324128566
142 24.796667327911127
143 23.473030466037457
144 23.6304012345679
145 23.781212841854938
146 21.58003377744417
147 23.601277245592115
148 23.283418553688822
149 23.42236836178551
150 24.0
