1 0.0
2 1.582307318528029
3 280.67150233114705
4 16.29715551257524
5 262.50302763551196
6 9.80498097575802
7 19.22411132734333
8 12.215736059031913
9 16.93347673443761
10 28.20459132228684
11 17.44255314503757
12 54.346448227511004
13 20.687940305843586
14 21.944736969682108
15 30.18476272217732
16 17.33265885367249
17 39.60612622637384
18 30.9314338054744
19 31.192203568188987
20 34.35794988380672
21 22.098929556058177
22 35.072420127375715
23 25.77910421353087
24 33.62244069780018
25 41.3419600591039
26 29.080012720608426
27 45.14238626687271
28 31.104598996984027
29 31.551349044925455
30 36.14539859415759
31 28.486091654477956
32 51.62296023147162
33 39.325540999332915
34 39.1415822479917
35 41.170353825014516
36 32.611808440047696
37 42.33435147049613
38 36.07064849858703
39 38.92308729116296
40 51.04673452705676
41 32.30115756322016
42 45.89739667331194
43 39.51296588594539
44 38.449325854096934
45 45.71986360026667
46 37.45625991672487
47 53.638854650235125
48 42.25247327198683
49 37.94017618457902
50 45.182353134481
51 32.596811997313935
52 50.67343605876506
53 44.95673484557353
54 49.98160228109394
55 52.62141574182012
56 38.50668988315991
57 52.131873389083445
58 43.372515325171335
59 41.992924566984584
60 48.1782946362595
61 43.59040078289763
62 56.55426557516395
63 46.1809796263
64 50.05010693711404
65 53.916128309032416
66 42.64639477654789
67 56.90474785281575
68 50.48812016928009
69 49.966839327801566
70 53.27102096977424
71 44.35667158497287
72 57.38448679588993
73 49.3440556162695
74 53.42230031801939
75 56.96734330471485
76 50.9637439790505
77 56.763797748607224
78 50.711290104419355
79 52.44362519752177
80 54.14763109537665
81 46.073027305929834
82 60.88378992073085
83 52.61841465641755
84 52.32790005940991
85 55.263795695532956
86 52.61011010090432
87 56.52384129189115
88 54.196954214094816
89 53.696047921263805
90 58.54202375694568
91 47.32756161632251
92 62.60724932421404
93 51.399295818437466
94 58.75977088647339
95 61.353772081586634
96 55.756421489534105
97 59.7797962939271
98 55.55705039037157
99 54.54504100438231
100 55.854158355205676
101 51.358612598345054
102 60.00186159957799
103 55.15945693050643
104 58.08354742942178
105 62.29662424536302
106 55.82570624937279
107 59.944242472564405
108 59.059317072333506
109 58.41714492373399
110 59.31018753067213
111 54.3827868998165
112 63.17605748629888
113 53.85232324831961
114 58.543110210758925
115 61.25638122469133
116 53.78359622013352
117 60.96155319626468
118 59.44773816665073
119 60.064764119654626
120 58.14756919660261
121 53.28412343870209
122 63.61395028079852
123 57.98655613009549
124 59.76028460490935
125 60.97134421732855
126 57.14926168960255
127 62.24451474075413
128 57.827558047872614
129 57.12735666156323
130 63.566440415938864
131 56.06551612709839
132 66.05750061945513
133 57.845904978983924
134 59.30704818863094
135 62.27318811310093
136 56.75681121674727
137 62.950218546174256
138 58.498116102101015
139 62.220146911262226
140 63.38591273318608
141 59.63605373707654
142 62.920532121168755
143 58.991175910766984
144 63.75663278968388
145 61.06630555262014
146 57.547025935551495
147 64.74420425547086
148 59.334289811575836
149 62.59051420403113
150 63.07467535592983
