1 0.0
2 12.693880950487273
3 30.10907719398715
4 9.322421619463626
5 69.67929711856942
6 7.6307188179987415
7 35.83525475370292
8 21.38223483893572
9 17.03646904356474
10 55.191954215334576
11 12.584510103098651
12 44.36409176483586
13 27.913643174463882
14 24.159556377414084
15 59.505427695540654
16 16.111138483227975
17 53.86208773539639
18 31.331686252335217
19 29.684685068711786
20 64.82284668703075
21 19.93419657787585
22 63.83887094063504
23 36.5837748240748
24 32.205397926753626
25 63.02310906176981
26 23.102856580669354
27 76.06985522459993
28 38.99178844610208
29 37.115601989610916
30 64.60085506483537
31 27.034725398097862
32 70.45738602496631
33 41.22417019133429
34 42.524776297640756
35 70.42323712264457
36 27.171429079434983
37 75.703440180924
38 43.83120342216482
39 46.82781230896238
40 74.19084849049634
41 29.02153223306452
42 83.30978535933015
43 39.88892472398888
44 50.40157077302667
45 71.43721609461059
46 33.573324445632906
47 79.96148105217196
48 40.780131400033824
49 52.72728466722277
50 76.82952853219913
51 35.910299928092854
52 91.807632118911
53 40.96336028425041
54 64.59217273774176
55 70.9960602064228
56 40.67106437419669
57 82.25354398097686
58 43.12731457814645
59 65.40744873526023
60 71.19383127382291
61 44.334796052387034
62 87.2654487910093
63 43.253200479467075
64 68.48877435098174
65 69.3982082543936
66 45.93759193694584
67 89.31071304246247
68 46.29213204439191
69 73.10917180571627
70 61.52940727270358
71 52.12485914150063
72 95.89829557650057
73 48.5846830835905
74 73.08918378245282
75 65.02089766739645
76 54.43876562638603
77 77.48162756310947
78 51.308340071741284
79 71.14499639434551
80 62.43044047971486
81 58.30381163954655
82 82.00109320296693
83 54.166703358064716
84 85.38567817429245
85 68.23857567952344
86 67.82149632291318
87 75.43794838418623
88 53.613135512997445
89 75.94843579350481
90 66.00958348628785
91 64.31844621229139
92 79.25527358429785
93 59.865885447819295
94 73.31340840053507
95 68.1804043063011
96 69.45193972449252
97 81.5564654855169
98 56.681819177127934
99 75.12134156573588
100 62.58884712351591
101 65.51059660714887
102 79.41081094758069
103 57.51457072069795
104 82.24849537808669
105 61.97957724891504
106 73.48079017332132
107 76.03967301100414
108 71.19228893495033
109 86.11469086460706
110 72.03540628575072
111 77.94811922870898
112 80.59463020747091
113 70.82665704661923
114 80.02476581127368
115 70.93365506555776
116 76.52221436091249
117 74.60483959706306
118 67.42463179013578
119 80.97884645503538
120 70.36393578111051
121 76.11472612094639
122 77.9653391892964
123 71.9315405740279
124 84.10450187915248
125 69.440143412842
126 76.48402130441163
127 72.56755452771799
128 73.97840307051555
129 78.87513450921357
130 70.56533417718569
131 79.01651532892306
132 76.22094720667926
133 76.36276281994253
134 84.12839562599859
135 72.7976210358427
136 79.90182897361271
137 76.40473609864998
138 72.3033920495219
139 78.36270261440013
140 76.95331371823417
141 80.5319082905874
142 84.9755389348922
143 79.82993489091861
144 78.2092032186345
145 72.98582619743779
146 81.42588530565682
147 79.41665476977079
148 86.51007888551187
149 82.26078299050045
150 76.7888294132032
