1 10000.0
2 10000.0
3 1111.1111111111113
4 2500.0
5 1600.0
6 1111.1111111111113
7 1020.4081632653061
8 625.0
9 617.283950617284
10 900.0
11 413.2231404958679
12 555.5555555555557
13 295.85798816568047
14 459.18367346938777
15 355.5555555555556
16 312.5
17 311.41868512110733
18 246.91358024691357
19 249.30747922437678
20 325.0
21 226.75736961451247
22 289.2561983471075
23 170.13232514177693
24 208.33333333333337
25 208.0
26 177.5147928994083
27 178.32647462277095
28 165.81632653061226
29 202.14030915576691
30 188.8888888888889
31 135.27575442247655
32 185.546875
33 119.37557392102846
34 138.40830449826993
35 171.42857142857144
36 154.320987654321
37 124.17823228634039
38 110.80332409972301
39 111.76857330703487
40 131.25
41 101.13027959547888
42 124.71655328798185
43 113.57490535424554
44 113.63636363636367
45 118.51851851851853
46 94.5179584120983
47 108.64644635581709
48 86.80555555555557
49 91.62848812994586
50 120.0
51 92.2722029988466
52 92.45562130177515
53 74.75970096119616
54 96.02194787379973
55 92.56198347107437
56 79.71938775510205
57 101.56971375807939
58 83.23424494649225
59 74.69118069520252
60 86.11111111111113
61 72.56113947863479
62 75.44224765868886
63 65.5076845553036
64 85.44921875
65 85.20710059171599
66 68.87052341597796
67 73.51303185564714
68 67.0415224913495
69 69.31316950220543
70 77.55102040816327
71 67.44693513191827
72 77.1604938271605
73 58.172264965284285
74 60.262965668371066
75 67.55555555555556
76 62.326869806094194
77 62.40512734019227
78 60.81525312294544
79 67.2969075468675
80 70.3125
81 50.29721079103794
82 60.97560975609756
83 53.7088111482073
84 55.27210884353741
85 63.667820069204154
86 60.84369929691726
87 62.095389087065655
88 51.652892561983485
89 50.49867440979675
90 60.49382716049384
91 49.510928631807765
92 60.25519848771266
93 54.34154237484102
94 55.45495699411498
95 54.293628808864256
96 47.743055555555564
97 55.26623445637154
98 48.93794252394836
99 49.99489847974697
100 57.0
101 49.995098519752965
102 51.903114186851205
103 43.3594118201527
104 48.07692307692308
105 51.70068027210884
106 45.38981844072624
107 52.406323696392704
108 48.010973936899866
109 45.45071963639425
110 47.10743801652892
111 40.58112166220275
112 49.42602040816327
113 43.07306758555878
114 46.1680517082179
115 49.14933837429111
116 43.103448275862064
117 44.56132661260866
118 41.65469692617064
119 43.07605395099216
120 45.13888888888889
121 38.93176695580903
122 44.34291857027681
123 40.31991539427589
124 38.37148803329864
125 42.24000000000001
126 39.68253968253968
127 43.400086800173604
128 40.8935546875
129 40.86292891052221
130 42.01183431952663
131 36.12843074412913
132 40.74839302112029
133 38.441969585618175
134 38.98418355981288
135 40.05486968449931
136 38.927335640138416
137 39.426714262880274
138 37.80718336483932
139 35.194865690181665
140 40.30612244897959
141 37.221467733011416
142 39.6746677246578
143 38.632695975353315
144 37.61574074074074
145 38.525564803805
146 32.37005066616626
147 37.48438150770512
148 36.523009495982464
149 36.0344128642854
150 38.22222222222222
