1 0.0
2 15.191793897225157
3 284.53155367852537
4 41.395507121453285
5 104.2046536016014
6 27.23316935514989
7 31.8586506388462
8 33.97643505080196
9 60.24017582956229
10 61.11460494171171
11 65.05186621555816
12 89.05887087242793
13 48.7474286151828
14 69.99396521275007
15 56.37641818392411
16 97.40966872980607
17 101.89170610252269
18 104.96627114130212
19 110.72252687873777
20 76.3261564047596
21 92.80277221129005
22 91.26366541436921
23 117.43698365176714
24 141.2285547493674
25 118.51530806882265
26 154.71860774162806
27 121.57438540082603
28 132.13769342265252
29 132.91126617584496
30 143.20554634268558
31 165.5146485671414
32 169.58701800578788
33 177.27326679008223
34 163.00333492563232
35 151.14546806018492
36 173.97830161040545
37 191.44607513419163
38 206.6278028583012
39 212.2397123294356
40 204.4313473107046
41 189.7691190645532
42 207.605627596749
43 200.28624104828546
44 224.2200517339547
45 239.7500522920677
46 262.4876200511578
47 261.67839405837105
48 233.70617767814676
49 241.4631529486289
50 220.9496338065361
51 266.61244514684086
52 293.8725982096376
53 289.7313348232563
54 325.61049192281166
55 261.2384878541785
56 286.5910390317679
57 287.53210422641644
58 323.62007405381263
59 316.51584327148123
60 317.5215652776543
61 351.4841962519703
62 320.1176562377755
63 329.0767490964576
64 294.2347113675056
65 339.1534921667912
66 342.88004262588265
67 380.98122944509055
68 382.30489264531656
69 355.5140569893714
70 344.8761187182229
71 354.4815836239169
72 395.87666060951966
73 404.403353241413
74 398.47076253436944
75 414.6608872424076
76 401.5619903643067
77 404.69693382306633
78 397.46560763963083
79 471.5903847837943
80 432.4716435434292
81 455.55954430071904
82 457.78734159231107
83 442.9066044988227
84 430.2024130300138
85 417.43670257492346
86 486.8025013641422
87 465.41052311162406
88 456.32544228928975
89 519.3218627058561
90 443.10140953737545
91 484.0630469673164
92 440.8692255408544
93 521.1652075634757
94 514.0832265611579
95 515.1775135003254
96 507.734088956901
97 506.0419777717848
98 524.8313667771292
99 519.8058306301417
100 541.0893653316517
101 556.934156175173
102 558.4969092473934
103 549.9675136911018
104 563.0555616801438
105 574.568991026295
106 536.9478747349099
107 536.8010301164406
108 566.8492220134365
109 595.9335313920049
110 553.4948532259156
111 584.8334479106735
112 593.5178657326105
113 557.8002241138448
114 610.0294210762908
115 622.0966407730944
116 632.802565354721
117 646.9139225384929
118 600.8711054667797
119 636.6659061834002
120 593.2886611898609
121 652.0669895788692
122 694.3541362246943
123 741.5978621162093
124 692.5969971348475
125 664.551050451884
126 690.9728869369422
127 690.3150309141927
128 625.2144792836377
129 734.8792245866975
130 734.0910597383921
131 748.2235249684829
132 671.6672714042215
133 746.8754321913374
134 687.4628495802709
135 692.8877548162485
136 714.7823319215702
137 812.9875625593224
138 744.6549644334771
139 775.0143701633956
140 722.6165232215103
141 736.4919865889484
142 738.1586045279433
143 754.7603901354216
144 800.4355191740519
145 832.6869663292205
146 772.7936017781041
147 790.7676459896062
148 750.2488693019533
149 842.0938002396421
150 719.266436448131
