1 10000.0
2 10000.0
3 1111.1111111111113
4 2500.0
5 1600.0
6 1111.1111111111113
7 1224.4897959183675
8 625.0
9 617.283950617284
10 800.0
11 413.2231404958679
12 555.5555555555557
13 295.85798816568047
14 510.2040816326531
15 355.5555555555556
16 312.5
17 311.41868512110733
18 246.91358024691357
19 249.30747922437678
20 300.0
21 249.4331065759637
22 247.9338842975207
23 170.13232514177693
24 208.33333333333337
25 192.0
26 177.5147928994083
27 178.32647462277095
28 178.57142857142858
29 190.24970273483945
30 177.7777777777778
31 135.27575442247655
32 185.546875
33 119.37557392102846
34 138.40830449826993
35 163.26530612244898
36 154.320987654321
37 124.17823228634039
38 110.80332409972301
39 124.91781722550955
40 125.0
41 101.13027959547888
42 141.7233560090703
43 113.57490535424554
44 103.30578512396697
45 113.58024691358025
46 94.5179584120983
47 108.64644635581709
48 86.80555555555557
49 95.79341940857977
50 112.0
51 92.2722029988466
52 92.45562130177515
53 74.75970096119616
54 96.02194787379973
55 89.25619834710743
56 82.90816326530613
57 101.56971375807939
58 83.23424494649225
59 71.81844297615628
60 83.33333333333334
61 77.93603869927439
62 80.64516129032256
63 68.02721088435374
64 85.44921875
65 82.84023668639054
66 64.2791551882461
67 73.51303185564714
68 64.87889273356403
69 67.21277042638101
70 73.46938775510205
71 65.46320174568537
72 79.0895061728395
73 63.801838994182766
74 62.089116143170195
75 67.55555555555556
76 62.326869806094194
77 67.46500252993759
78 64.10256410256412
79 67.2969075468675
80 67.1875
81 51.82136869379667
82 62.462819750148725
83 55.160400638699386
84 58.10657596371882
85 62.28373702422146
86 60.84369929691726
87 60.77421059585149
88 49.07024793388431
89 54.2860749905315
90 56.79012345679013
91 50.71851225697381
92 59.07372400756144
93 56.65394843334489
94 55.45495699411498
95 53.185595567867026
96 47.743055555555564
97 53.14061005420341
98 49.97917534360683
99 51.01520253035405
100 57.0
101 49.995098519752965
102 52.86428296808919
103 44.30200772928645
104 48.07692307692308
105 49.88662131519274
106 46.279814880740474
107 52.406323696392704
108 48.010973936899866
109 47.97575961619393
110 46.280991735537185
111 40.58112166220275
112 50.223214285714285
113 45.42250763568017
114 46.1680517082179
115 49.14933837429111
116 42.360285374554095
117 44.56132661260866
118 38.78195920712439
119 45.19454840759833
120 47.22222222222223
121 40.29779386653917
122 48.37409298575652
123 40.31991539427589
124 40.9729448491155
125 42.24000000000001
126 40.942302847064745
127 44.640089280178564
128 41.50390625
129 42.665705185986425
130 42.01183431952663
131 34.380280869413205
132 41.89623507805326
133 36.74600033919385
134 41.21185119180219
135 40.05486968449931
136 37.30536332179932
137 43.15626831477436
138 37.80718336483932
139 35.71243724444904
140 39.285714285714285
141 37.724460540214274
142 40.170601071216026
143 34.23150276297129
144 38.58024691358025
145 38.0499405469679
146 35.184837680615495
147 37.947151649775556
148 36.06647187728269
149 37.3857033466961
150 37.33333333333333
