1 0.0
2 13.700438349170344
3 273.67619899215947
4 13.011614597721204
5 443.01913269782546
6 7.707650301830879
7 21.020814263200656
8 9.57822301773564
9 16.378405809337686
10 29.145339592877676
11 16.482876415190173
12 48.421735895868615
13 20.15720979258269
14 21.96023590238236
15 30.7729917695701
16 16.07054160895278
17 38.021776102597606
18 27.59029538542893
19 28.25665040798248
20 33.10559407897298
21 21.34114026124558
22 34.30764681432862
23 24.95942329451474
24 32.66784012714077
25 42.95912316364069
26 27.32009452710392
27 43.15253834429993
28 29.736859170952222
29 29.789022584918115
30 34.62945483818316
31 25.432399887098217
32 47.74411619975336
33 36.22239930374188
34 38.60765942336839
35 41.04448193633989
36 31.12060676682399
37 41.54790507646749
38 35.05304080480308
39 35.857142137899615
40 48.35255844354041
41 38.09711783560318
42 45.74486962351954
43 38.43468866349817
44 39.27264048457763
45 46.387659502587084
46 38.80222957290196
47 58.010441946886864
48 41.39954222927204
49 46.00697122866178
50 43.4836972911591
51 37.26138099233501
52 50.16467179409416
53 47.32783514471412
54 55.31875772509338
55 53.66346482656181
56 43.08681790817323
57 51.67916679467514
58 44.63501696216575
59 46.592789226276615
60 53.29034334418473
61 45.02472240620593
62 58.45546906287858
63 47.96306586759439
64 49.915032799802155
65 55.31218993542363
66 45.940810849120574
67 58.19277478076406
68 51.022467424742516
69 51.20209443183975
70 55.77980432851362
71 44.88150385876148
72 56.17899769663657
73 48.128949755909694
74 54.5772310945913
75 59.20503952117031
76 49.539036350063
77 56.43808495415686
78 50.013500159451716
79 52.72354288338804
80 55.4934348824637
81 46.127829828762536
82 61.42618182626997
83 55.69663001383817
84 53.30150694405662
85 57.91234266484718
86 50.23831425037506
87 60.48808927622571
88 55.05838025774231
89 56.314529548363154
90 59.24675194035436
91 53.38510148871338
92 60.88934996863609
93 54.41214258718314
94 58.38071049047995
95 57.92493572424222
96 52.40956864052478
97 64.03264772020134
98 56.67958833526253
99 58.02554852369049
100 58.356174009707715
101 52.750119369230276
102 60.75167379798004
103 53.82853389888517
104 58.58201235297929
105 59.01184175667311
106 53.993519065011846
107 60.105509765772375
108 57.09587073561839
109 58.8982889135913
110 58.256133505037006
111 54.59588224720323
112 60.93316359306909
113 56.67953838433497
114 58.520242101215814
115 62.9305124652262
116 57.486544113058656
117 65.6252067460339
118 55.797360947697676
119 60.9562290373214
120 59.36602119312452
121 57.4489153850426
122 62.62944300211212
123 57.455381579771306
124 64.78156054818064
125 61.03504684025795
126 57.89422549042007
127 60.85595519636809
128 56.51846013500278
129 57.14971064271218
130 61.699863569075376
131 57.465109046004244
132 65.09626546623731
133 61.71716235022408
134 67.6917595170002
135 65.03658431680239
136 58.79504178292716
137 65.57326450999717
138 58.29759301838774
139 60.931326759922705
140 60.20465566024386
141 63.622074035975615
142 64.90861182003212
143 58.97251656365565
144 67.42121824604025
145 63.45920476465661
146 64.88091047688386
147 62.23056732976519
148 61.574259494400366
149 61.62921982382033
150 64.36912288013876
