1 10000.0
2 5000.0
3 2222.2222222222226
4 2500.0
5 2800.0
6 2222.2222222222226
7 1428.5714285714287
8 1250.0
9 987.6543209876543
10 900.0
11 909.0909090909093
12 694.4444444444446
13 710.0591715976332
14 663.265306122449
15 711.1111111111112
16 625.0
17 622.8373702422147
18 586.4197530864197
19 554.0166204986151
20 575.0
21 521.5419501133787
22 516.5289256198348
23 453.6862003780718
24 468.7500000000001
25 432.0
26 443.7869822485207
27 452.6748971193416
28 433.6734693877551
29 451.8430439952437
30 433.33333333333337
31 416.2330905306971
32 400.390625
33 404.040404040404
34 380.6228373702423
35 391.8367346938776
36 370.3703703703703
37 372.53469685902115
38 373.9612188365652
39 394.4773175542407
40 350.0
41 356.9303985722784
42 345.8049886621315
43 373.1746890210925
44 346.0743801652893
45 340.74074074074076
46 326.0869565217391
47 348.57401539157985
48 329.8611111111112
49 324.8646397334444
50 308.0
51 319.1080353710111
52 321.7455621301775
53 327.5186899252403
54 322.3593964334705
55 317.3553719008264
56 302.93367346938777
57 304.70914127423816
58 297.26516052318664
59 301.63746049985633
60 291.6666666666667
61 290.24455791453914
62 288.76170655567114
63 297.3041068279163
64 292.96875
65 288.7573964497042
66 282.3691460055096
67 274.0031187346848
68 281.1418685121108
69 275.15227893299726
70 279.59183673469386
71 277.7226740726046
72 266.2037037037037
73 260.83693000562954
74 273.9225712198685
75 266.66666666666663
76 270.0831024930748
77 268.17338505650196
78 266.27218934911247
79 257.97147892965876
80 256.25
81 256.0585276634659
82 249.8512790005949
83 248.22180287414724
84 248.015873015873
85 254.67128027681662
86 248.78312601406168
87 248.38155634826262
88 244.05991735537197
89 238.60623658628964
90 240.74074074074076
91 239.1015577828765
92 237.47637051039698
93 233.55301190889116
94 237.6641014033499
95 240.44321329639885
96 234.37500000000006
97 231.69305983632685
98 232.19491878384008
99 227.52780328537906
100 226.0
101 230.3695716106264
102 226.83583237216453
103 225.2804222829673
104 222.8180473372781
105 221.31519274376416
106 223.38910644357424
107 224.4737531662154
108 223.76543209876544
109 215.4700782762394
110 216.5289256198347
111 213.45669994318644
112 212.85076530612247
113 212.23275119429871
114 212.37303785780236
115 213.98865784499054
116 211.0582639714625
117 210.387902695595
118 211.864406779661
119 205.49396229079866
120 203.47222222222226
121 201.48896933269586
122 202.23058317656546
123 201.59957697137946
124 204.21436004162328
125 200.96000000000004
126 201.56210632401104
127 199.0203980407961
128 197.75390625
129 199.50724115137314
130 195.85798816568047
131 192.87920284365714
132 195.1331496786042
133 195.60178642093956
134 194.9209177990644
135 192.0438957475994
136 191.3927335640139
137 189.67446321061323
138 189.0359168241966
139 187.87847419905802
140 186.73469387755102
141 186.10733866505709
142 187.4628049990081
143 185.3391363880874
144 181.32716049382717
145 183.5909631391201
146 182.02289360105084
147 183.2569762598917
148 185.354273192111
149 181.07292464303413
150 179.11111111111111
