1 5423.990743327201
2 5423.990743327201
3 2410.662552589867
4 2711.9953716636005
5 2169.59629733088
6 2109.3297335161337
7 1549.7116409506286
8 1525.4973965607753
9 1339.2569736610371
10 1355.9976858318
11 1389.6174631664728
12 1280.664481063367
13 1155.4063121880426
14 1162.2837307129714
15 1133.0113997172375
16 1080.5606558972158
17 1051.0155073575197
18 1054.6648667580669
19 1006.6686421133587
20 935.6384032239421
21 947.046002803162
22 963.7669502606183
23 933.04944733984
24 941.6650596054169
25 885.1952893109991
26 858.5310791952817
27 833.3154502779787
28 857.8760869548123
29 831.9795551595824
30 831.6785806435041
31 812.7519948377908
32 768.0455642406681
33 781.9711172657213
34 760.1094294282062
35 752.7170827474482
36 744.9616915989519
37 736.9337313797365
38 724.9516713726799
39 727.4780484146937
40 708.5087908471155
41 713.0886105147599
42 667.2369565204096
43 674.6986862981375
44 683.6021391383456
45 656.2359170939083
46 658.7739229844474
47 643.3162402678709
48 635.6239152336564
49 639.3125282638891
50 624.8437336312935
51 621.4337722074224
52 597.762293458397
53 604.3820230193712
54 600.8055590173819
55 589.9150262990576
56 596.7081653213916
57 575.9546957364987
58 574.0013985209523
59 564.0576412193182
60 568.0123639539875
61 561.2030196670177
62 548.8898020692719
63 545.2689107048509
64 540.2803279486079
65 528.9193340238596
66 539.161614293085
67 532.8536239267755
68 519.6427117850237
69 525.1963311644275
70 504.7632201953476
71 505.70832163534703
72 495.94359805885284
73 496.69872072502795
74 490.2986519260344
75 491.7751607283329
76 485.492246243103
77 473.87876624110135
78 472.5041245830731
79 465.8322445799358
80 471.2091958265505
81 462.9530279322104
82 458.9902934195683
83 455.08298006141996
84 453.53664095281295
85 439.9250623653619
86 445.15445932931465
87 434.2632303416942
88 440.55916548977393
89 431.399339514725
90 427.2229745978709
91 423.7799795837095
92 425.5115611494874
93 418.9184664750341
94 411.8942721562417
95 409.8794112963048
96 409.6243009283563
97 409.29253138083885
98 395.8993660008713
99 391.81567659174146
100 394.8665261142202
101 389.74465394165645
102 383.7040741146501
103 390.0937823695592
104 377.61326088437335
105 382.75417671732987
106 373.6355318027104
107 370.948096080461
108 373.4108853645184
109 367.96031808111474
110 364.88665000564805
111 363.62440986837663
112 362.7812686265562
113 350.01710177003787
114 346.8248928674133
115 351.892934425311
116 346.2550571134115
117 344.71999026186455
118 335.78569525625153
119 341.2736213759293
120 335.9860932672127
121 332.3078817542858
122 334.899724074019
123 329.47633638163114
124 327.0056854230174
125 323.1830644504079
126 322.5149446775559
127 319.8099818280221
128 316.48774112675807
129 313.8815627560901
130 312.9225428842616
131 307.8472690403062
132 303.8231729503758
133 308.1638700347016
134 303.5815714548806
135 298.8031114568181
136 298.8238844858573
137 295.0553864850057
138 298.1998691589781
139 293.6439272046091
140 289.7407300134479
141 287.8280888391025
142 280.82951478047994
143 282.75094784032456
144 281.9763706262887
145 276.8105620732502
146 276.594010977513
147 275.3536880665435
148 272.14051437712715
149 271.92026022806067
150 269.75313963480613
