1 7459.613066400853
2 7459.613066400853
3 4973.075377600569
4 3729.8065332004267
5 3282.2297492163752
6 2486.5376888002843
7 2892.5030257472695
8 2680.7984457378066
9 2394.4437003261996
10 1939.4993972642217
11 1726.1914533820154
12 1554.0860555001777
13 1765.5888914558232
14 1636.5477645675342
15 1591.3841208321821
16 1515.2339041126734
17 1445.461355427155
18 1427.4568213483112
19 1405.1348712334018
20 1380.0284172841577
21 1285.55690033212
22 1248.406318963779
23 1269.1213156447575
24 1243.2688444001421
25 1205.473471530378
26 1202.8074323042797
27 1207.4545155491094
28 1132.262697578701
29 1135.3513347197495
30 1094.0765830721252
31 1141.0646417907653
32 1070.8624226180912
33 1041.1948448970888
34 1026.0194442540967
35 1023.0326491064027
36 1030.3014960538214
37 1024.4026709155298
38 1002.1917831591176
39 980.8827174754574
40 951.1006659661087
41 980.7105816029675
42 938.7948416899035
43 923.878524719197
44 936.3047392228343
45 902.5210870460292
46 909.5369428787429
47 908.3910886653823
48 900.0748404771863
49 897.8876202373372
50 862.3312704759387
51 860.393663944735
52 846.9309213702152
53 847.1401097123075
54 821.1713972272545
55 823.639922042276
56 823.0312885761145
57 805.8861761485686
58 798.2939072248239
59 803.60669345025
60 783.2593719720896
61 781.8460349089847
62 782.056208574283
63 763.0644759281296
64 764.9017304414938
65 755.6720455430924
66 758.6337438970564
67 746.1274820258373
68 745.3160113921268
69 736.4037263617729
70 726.1704964639197
71 723.6165025729057
72 716.6063478139707
73 715.3053625315887
74 713.8124994145447
75 694.9043994300528
76 693.5270458201625
77 693.2445268319902
78 682.9395920422872
79 676.5167434037627
80 669.0340468928265
81 663.9862872699433
82 671.1876717984111
83 663.7745405289191
84 657.5792697422522
85 658.7173891160891
86 643.4874440729778
87 638.6351257798589
88 643.4686890955281
89 624.3811972003239
90 623.4763019695528
91 626.9642185985984
92 623.9846468586725
93 620.1250774357976
94 604.4684195951801
95 608.3407442516374
96 593.3047284800158
97 596.9910340099736
98 596.5204951057742
99 583.7693318977098
100 587.8175096323873
101 583.547811683941
102 582.199712602604
103 567.4340413408887
104 569.678290758793
105 563.6152094613977
106 568.300888647128
107 558.3796312259176
108 557.0407219508868
109 545.610954860899
110 545.5997986582443
111 541.8678430670208
112 536.3975594621787
113 543.8875217181608
114 540.1274157804864
115 531.9028447346697
116 517.7822981583232
117 530.7665371228308
118 527.165990903364
119 518.3432848907872
120 510.7762835743918
121 512.0491176649722
122 502.68690577802033
123 507.3661078277797
124 503.58209956582243
125 500.331167589638
126 498.99905999733596
127 497.18420524402734
128 488.9907491036692
129 494.8868953372118
130 483.7713562588956
131 482.4993009559435
132 481.63824034096416
133 470.2056967062554
134 469.44546474899556
135 466.6095416020286
136 462.5960308802865
137 462.22654356780816
138 464.56107418354395
139 452.49554960001035
140 453.28567153486813
141 450.25580602992926
142 450.22560512843876
143 447.23388035637174
144 444.2815459589628
145 442.7870205407022
146 434.9924489367733
147 438.76015583300864
148 436.25658957539684
149 431.7644606245258
150 427.3529441151422
