1 10000.0
2 5000.0
3 2222.2222222222226
4 2500.0
5 2000.0
6 2222.2222222222226
7 1428.5714285714287
8 1093.75
9 617.283950617284
10 500.0
11 495.8677685950414
12 763.888888888889
13 710.0591715976332
14 612.2448979591837
15 444.4444444444445
16 468.75
17 484.42906574394476
18 401.2345679012345
19 415.5124653739613
20 400.0
21 340.1360544217687
22 330.5785123966943
23 378.0718336483932
24 381.9444444444445
25 336.0
26 325.4437869822485
27 274.34842249657066
28 293.36734693877554
29 285.37455410225914
30 300.00000000000006
31 312.1748178980228
32 302.734375
33 257.1166207529844
34 276.81660899653986
35 285.7142857142857
36 277.77777777777777
37 241.05186267348427
38 242.3822714681441
39 256.41025641025647
40 256.25
41 255.80011897679952
42 243.7641723356009
43 237.96646836127638
44 222.107438016529
45 217.28395061728398
46 236.29489603024575
47 230.87369850611134
48 221.3541666666667
49 229.07122032486464
50 220.0
51 211.45713187235677
52 218.19526627218934
53 213.59914560341758
54 209.19067215363512
55 208.26446280991735
56 204.08163265306123
57 218.52877808556474
58 199.16765755053504
59 201.09164033323756
60 194.44444444444446
61 190.80892233270626
62 195.10926118626426
63 209.12068531116148
64 205.078125
65 198.81656804733728
66 185.9504132231405
67 189.35174871909112
68 190.31141868512114
69 191.136315900021
70 187.75510204081633
71 192.42213846459035
72 181.32716049382717
73 174.51679489585285
74 180.7888970051132
75 179.55555555555554
76 183.51800554016623
77 185.5287569573284
78 175.871137409599
79 174.6514981573466
80 173.4375
81 173.75400091449472
82 176.97798929208804
83 174.1907388590507
84 170.06802721088434
85 170.242214532872
86 174.4186046511628
87 162.50495441934203
88 167.8719008264463
89 167.90809241257418
90 161.7283950617284
91 163.0237893974158
92 164.2249527410208
93 165.33703318302693
94 161.83793571751923
95 160.66481994459832
96 157.33506944444449
97 156.233393559358
98 154.1024573094544
99 154.06591164166923
100 159.0
101 150.96559160866582
102 153.78700499807766
103 149.87274955226695
104 148.85355029585799
105 146.03174603174602
106 154.85938056247775
107 151.10489999126563
108 150.03429355281207
109 148.97735880818115
110 147.93388429752065
111 140.4106809512215
112 143.49489795918367
113 141.7495496906571
114 142.3514927670052
115 145.17958412098298
116 138.97146254458974
117 139.52808824603696
118 140.7641482332663
119 137.70213967940117
120 135.41666666666669
121 139.33474489447443
122 137.05993012631015
123 134.84037279397182
124 133.32466181061392
125 133.12000000000003
126 138.5739480977576
127 133.92026784053567
128 129.39453125
129 131.00174268373297
130 133.7278106508876
131 128.1976574791679
132 128.5583103764922
133 130.02430889253208
134 131.43239028736915
135 128.94375857338818
136 125.43252595155712
137 126.27204432841386
138 126.5490443184205
139 124.73474457843797
140 124.48979591836735
141 126.75418741511996
142 126.95893671890497
143 123.23340994669664
144 120.08101851851852
145 121.28418549346019
146 121.50497279039219
147 123.09685779073534
148 120.98246895544192
149 118.9135624521418
150 120.0
