1 10000.0
2 2500.0
3 4444.444444444445
4 2500.0
5 2400.0
6 2222.2222222222226
7 2040.8163265306123
8 1562.5
9 1728.395061728395
10 1400.0
11 1652.8925619834715
12 1388.8888888888891
13 1242.603550295858
14 1224.4897959183675
15 1155.5555555555557
16 1289.0625
17 1141.868512110727
18 1172.8395061728395
19 1052.6315789473686
20 1100.0
21 1111.111111111111
22 1074.3801652892564
23 1039.6975425330813
24 1006.9444444444446
25 976.0
26 991.1242603550296
27 973.9368998628258
28 905.6122448979593
29 939.3579072532698
30 900.0000000000001
31 926.1186264308011
32 878.90625
33 853.9944903581267
34 865.0519031141871
35 832.6530612244898
36 864.1975308641975
37 825.4200146092037
38 810.2493074792245
39 808.6785009861934
40 781.25
41 773.3491969066032
42 793.6507936507936
43 778.7993510005409
44 764.4628099173556
45 740.7407407407409
46 741.9659735349716
47 746.9443186962426
48 729.1666666666667
49 728.862973760933
50 720.0
51 703.5755478662053
52 732.2485207100592
53 687.0772516909932
54 706.4471879286695
55 680.99173553719
56 669.6428571428572
57 664.8199445983379
58 653.9833531510106
59 666.4751508187302
60 661.1111111111112
61 647.6753560870734
62 647.7627471383973
63 639.959687578735
64 637.20703125
65 639.0532544378699
66 622.1303948576675
67 628.2022722209847
68 625.0000000000001
69 602.8145347616047
70 602.0408163265306
71 605.0386828010314
72 594.1358024691358
73 600.4878964158378
74 582.5420014609203
75 590.2222222222222
76 578.2548476454294
77 573.4525215044696
78 586.7850098619331
79 568.8190995032847
80 559.375
81 566.9867398262459
82 554.7293277810827
83 555.9587748584702
84 555.5555555555555
85 539.7923875432526
86 547.5932936722553
87 535.077288941736
88 541.064049586777
89 535.2859487438456
90 523.4567901234568
91 518.0533751962324
92 521.0302457466919
93 527.228581338883
94 510.41195110909905
95 508.5872576177285
96 518.6631944444446
97 502.7101711127642
98 507.08038317367766
99 497.9083766962556
100 495.0
101 491.12832075286735
102 491.1572472126105
103 480.7239136582147
104 484.4674556213018
105 479.8185941043084
106 476.14809540761837
107 466.41628089789504
108 469.82167352537726
109 467.1323962629409
110 464.46280991735534
111 455.3201850499148
112 467.155612244898
113 459.70710314041827
114 445.52169898430276
115 455.1984877126654
116 446.64090368608794
117 444.15223902403386
118 445.99253088193046
119 442.0591766118212
120 438.1944444444445
121 433.7135441568199
122 435.3668368718087
123 428.316478286734
124 426.63891779396454
125 420.4800000000001
126 419.501133786848
127 419.74083948167896
128 414.4287109375
129 408.6292891052221
130 412.4260355029586
131 409.64978730843194
132 402.892561983471
133 401.94471140256655
134 407.66317665404324
135 395.6104252400548
136 399.54584775086516
137 393.20155575683305
138 393.29972694812017
139 390.2489519176026
140 386.734693877551
141 384.28650470298277
142 377.90121007736553
143 382.41478800919356
144 379.0509259259259
145 374.7919143876338
146 374.8358040908238
147 372.0671942246286
148 371.6216216216216
149 363.9475699292825
150 364.4444444444444
