1 8967.18465703048
2 6725.38849277286
3 4981.769253905823
4 3362.69424638643
5 4662.936021655849
6 3238.1500150387847
7 2928.0602961732184
8 2241.79616425762
9 2546.2376186629754
10 1883.1087779764007
11 2000.9420309076277
12 1805.8913545408607
13 1804.0489842546529
14 1784.286742980555
15 1912.9993934998358
16 1646.3190581266897
17 1706.557633690922
18 1605.2367595918759
19 1515.2306484178928
20 1479.585468410029
21 1464.0301480866087
22 1482.1792821537983
23 1389.998377838373
24 1463.3947183348355
25 1363.012067868633
26 1339.7716721302936
27 1389.9751251638468
28 1326.7773217034896
29 1279.5031615263467
30 1315.187083031137
31 1278.360351730672
32 1278.524374928174
33 1292.7897072119242
34 1248.8899046556294
35 1244.4256258736177
36 1203.927569693907
37 1218.3318818171433
38 1161.262833008795
39 1149.639058593651
40 1143.3160437713861
41 1157.5723203900145
42 1123.4398011359046
43 1100.892870279026
44 1116.2662718720794
45 1120.3445522117092
46 1084.8767827031204
47 1067.6186350380335
48 1081.9780098326708
49 1038.2662784899933
50 1036.6065463527236
51 1030.8297625729
52 1021.4100866735903
53 1015.1529800411864
54 1005.5793493995086
55 990.0957604787372
56 986.5046896286722
57 963.2340551873307
58 980.9524238368658
59 958.2857490420391
60 941.5543889882005
61 939.8554195758902
62 921.4458739664515
63 926.3153714745521
64 915.1081998629738
65 906.2693132667491
66 895.4833163012532
67 896.9182247731534
68 894.003487649449
69 864.511186216549
70 858.2876743157746
71 852.0693217055347
72 859.7011524969422
73 844.7225929497656
74 844.9721115828575
75 832.1547361724286
76 813.5049792735408
77 815.198605184589
78 818.0124070762517
79 811.8024885791092
80 791.634270503472
81 794.0762514456194
82 790.8299377779707
83 775.7935920438622
84 772.6825781568214
85 768.2612183670403
86 760.1980502917944
87 762.9629963175623
88 752.6691667187257
89 750.5672803448058
90 731.7665504070551
91 733.0979365788713
92 731.0204883448761
93 720.5680814702489
94 713.4371677107771
95 711.4132093555484
96 713.2103248267515
97 690.9564115577741
98 693.7336734874684
99 690.7687395222949
100 686.8863447285348
101 685.6586640999681
102 674.0040755284347
103 660.9801490996169
104 665.7405029211793
105 664.5070172148664
106 658.4128997908638
107 654.7791399491206
108 637.3281962172726
109 642.2922433408753
110 635.8549120439794
111 644.1001884158734
112 621.9268695485107
113 617.2883791628
114 617.5461886766913
115 616.3456221732104
116 609.7632254148996
117 604.6249863714759
118 598.9285931512744
119 604.102405395599
120 595.3214258417457
121 586.1345343062748
122 588.6145800805415
123 577.3043727905142
124 575.0288808423552
125 580.2127160485002
126 571.0395369273001
127 568.1978250037293
128 563.7329221643918
129 548.0215609759027
130 558.7245824765146
131 552.839657778582
132 548.0975470464567
133 551.5459837667003
134 532.3579218308361
135 539.2611459042746
136 536.2081655858408
137 525.0645179858542
138 518.4241917344339
139 524.4510461386286
140 520.6457214133004
141 511.48269207145336
142 506.0829269837675
143 514.3776029486406
144 502.93382311566586
145 501.13873826448577
146 490.51122678258304
147 490.4998965528265
148 492.9003984233335
149 489.1338507123063
150 482.2352637780836
