1 10000.0
2 10000.0
3 6666.666666666668
4 5625.0
5 5200.0
6 4722.222222222223
7 3673.469387755102
8 2812.5
9 2345.679012345679
10 2100.0
11 1818.1818181818187
12 2291.666666666667
13 1952.6627218934912
14 1836.734693877551
15 1733.3333333333335
16 1718.75
17 1591.695501730104
18 1574.074074074074
19 1495.8448753462608
20 1500.0
21 1451.2471655328798
22 1342.9752066115705
23 1361.0586011342155
24 1406.2500000000002
25 1296.0
26 1257.396449704142
27 1234.567901234568
28 1173.4693877551022
29 1236.6230677764563
30 1211.1111111111113
31 1227.8876170655565
32 1181.640625
33 1120.2938475665746
34 1124.5674740484433
35 1085.7142857142858
36 1118.827160493827
37 1066.471877282688
38 1024.9307479224378
39 1045.364891518738
40 1068.75
41 1064.8423557406306
42 997.7324263038548
43 995.1325040562467
44 971.0743801652895
45 992.5925925925927
46 978.2608695652174
47 964.2372114078768
48 989.5833333333335
49 928.7796751353603
50 948.0
51 907.3433294886581
52 902.3668639053254
53 929.1562833748665
54 884.7736625514403
55 899.1735537190082
56 883.2908163265306
57 877.1929824561402
58 885.8501783590962
59 850.3303648376902
60 838.888888888889
61 849.234076861059
62 848.0749219562954
63 833.9632149155957
64 834.9609375
65 818.9349112426036
66 819.5592286501377
67 788.5943417242148
68 806.6608996539794
69 806.5532451165722
70 789.795918367347
71 791.5096211069232
72 775.4629629629629
73 775.0046913116906
74 770.63550036523
75 771.5555555555555
76 747.9224376731304
77 742.1150278293136
78 741.2886259040107
79 746.6752123057203
80 739.0625
81 733.119951226947
82 722.7840571088637
83 712.7304398316157
84 705.78231292517
85 700.3460207612458
86 705.7869118442402
87 701.5457788347205
88 694.7314049586779
89 690.5693725539705
90 687.6543209876544
91 683.4923318439803
92 661.625708884688
93 679.8473812001387
94 667.7229515617926
95 675.9002770083101
96 659.7222222222224
97 640.8757572536931
98 655.9766763848397
99 646.8727680848893
100 654.0
101 644.054504460347
102 632.4490580545944
103 633.424450937883
104 626.8491124260355
105 623.1292517006802
106 632.7874688501246
107 611.4071097912482
108 606.9958847736626
109 613.5847150913223
110 610.7438016528924
111 598.1657333008685
112 596.3010204081633
113 602.2397995144491
114 590.9510618651892
115 586.7674858223062
116 590.0713436385255
117 576.3751917598071
118 582.4475725366274
119 575.5243273780101
120 568.7500000000001
121 571.6822621405643
122 563.6925557645794
123 563.8178333002842
124 558.66285119667
125 561.9200000000001
126 553.6659108087679
127 552.4211048422097
128 541.3818359375
129 545.0393606153477
130 546.7455621301775
131 532.6029951634521
132 536.0422405876951
133 536.4916049522301
134 528.5141456894631
135 525.6515775034293
136 520.112456747405
137 521.6047738291863
138 518.2734719596723
139 517.05398271311
140 516.8367346938776
141 510.5376993108998
142 504.8601467962705
143 504.18113355176285
144 496.72067901234567
145 495.1248513674198
146 500.0938262338149
147 489.1480401684483
148 489.86486486486484
149 487.36543398946
150 488.4444444444444
