1 400.0
2 400.0
3 266.6666666666667
4 225.0
5 176.0
6 177.7777777777778
7 171.42857142857144
8 150.0
9 138.27160493827162
10 132.0
11 119.0082644628099
12 108.33333333333334
13 113.60946745562131
14 108.16326530612245
15 110.22222222222221
16 104.6875
17 98.26989619377163
18 95.06172839506173
19 93.0747922437673
20 90.0
21 89.79591836734693
22 83.47107438016528
23 83.93194706994329
24 81.25000000000001
25 77.44000000000001
26 76.33136094674556
27 75.72016460905348
28 73.46938775510205
29 71.8192627824019
30 69.33333333333333
31 67.01352757544224
32 66.015625
33 65.01377410468321
34 62.28373702422146
35 63.346938775510196
36 61.41975308641976
37 59.60555149744339
38 57.06371191135733
39 56.54174884944114
40 55.25
41 54.4913741820345
42 51.92743764172335
43 50.83829096809086
44 49.58677685950413
45 50.76543209876543
46 47.637051039697546
47 47.44228157537347
48 45.65972222222223
49 43.98167430237402
50 45.12000000000001
51 41.676278354479045
52 41.71597633136095
53 41.72303310786757
54 40.74074074074073
55 39.27272727272727
56 38.26530612244898
57 36.56509695290858
58 36.26634958382878
59 35.96667624245906
60 34.55555555555556
61 34.82934694974469
62 33.6108220603538
63 32.7538422776518
64 32.71484375
65 30.863905325443792
66 31.955922865013775
67 30.83092002673201
68 29.498269896193776
69 30.077714765805506
70 28.653061224489793
71 27.37552073001389
72 27.5462962962963
73 27.922687183336457
74 26.661796932067205
75 25.813333333333333
76 25.55401662049861
77 25.164445943666717
78 24.58908612754766
79 23.65005608075629
80 23.625
81 23.411065386374027
82 23.31945270672219
83 22.76092321091595
84 21.712018140589567
85 21.647058823529413
86 21.362898864250944
87 20.293301625049544
88 20.609504132231404
89 20.401464461557882
90 19.703703703703702
91 19.611158072696533
92 19.092627599243855
93 19.054225922071918
94 18.28881846989588
95 18.12742382271468
96 17.925347222222225
97 17.855244978212347
98 16.867971678467306
99 17.100295888174674
100 17.200000000000003
101 16.194490736202336
102 16.26297577854671
103 15.684795927985672
104 15.458579881656805
105 15.310657596371879
106 15.414738341046636
107 14.673770634989953
108 14.814814814814813
109 14.308559885531523
110 14.3801652892562
111 13.95990585179774
112 13.807397959183675
113 13.626752290704049
114 13.357956294244381
115 13.09640831758034
116 13.079667063020215
117 12.79859741398203
118 12.611318586613042
119 12.484993997599041
120 12.472222222222221
121 12.102998429069054
122 11.851652781510346
123 11.791922797276753
124 11.394380853277836
125 11.4176
126 11.438649533887627
127 10.936821873643748
128 10.83984375
129 10.672435550748153
130 10.508875739644973
131 10.582133908280404
132 10.49127640036731
133 10.15320255526033
134 10.15816440187124
135 9.94238683127572
136 9.818339100346021
137 9.675528797485214
138 9.556815795001052
139 9.295585114642098
140 9.26530612244898
141 9.134349378803885
142 9.085498908946638
143 8.841508142207445
144 8.873456790123457
145 8.751486325802615
146 8.575717770688684
147 8.58901383682725
148 8.400292184075969
149 8.305932165217783
150 8.302222222222222
