1 10000.0
2 5000.0
3 2222.2222222222226
4 2500.0
5 2000.0
6 2222.2222222222226
7 1428.5714285714287
8 937.5
9 617.283950617284
10 500.0
11 578.512396694215
12 763.888888888889
13 710.0591715976332
14 510.2040816326531
15 400.00000000000006
16 429.6875
17 449.8269896193773
18 401.2345679012345
19 415.5124653739613
20 400.0
21 340.1360544217687
22 330.5785123966943
23 321.36105860113423
24 364.58333333333337
25 336.0
26 310.6508875739645
27 301.7832647462277
28 293.36734693877554
29 273.4839476813317
30 288.8888888888889
31 280.95733610822055
32 292.96875
33 275.4820936639118
34 268.166089965398
35 228.57142857142858
36 246.91358024691357
37 241.05186267348427
38 249.30747922437678
39 236.68639053254444
40 243.75
41 237.9535990481856
42 221.08843537414964
43 216.3331530557058
44 222.107438016529
45 212.3456790123457
46 222.117202268431
47 208.23902218198276
48 208.33333333333337
49 216.57642648896294
50 208.0
51 203.7677816224529
52 214.49704142011834
53 199.35920256318974
54 209.19067215363512
55 195.04132231404958
56 204.08163265306123
57 190.82794706063402
58 190.24970273483945
59 192.4734271760988
60 194.44444444444446
61 188.12147272238647
62 179.50052029136313
63 183.92542202066008
64 185.546875
65 184.6153846153846
66 183.65472910927454
67 175.9857429271553
68 183.82352941176475
69 172.23272421760134
70 173.46938775510205
71 176.5522713747272
72 175.54012345679013
73 176.39331957215236
74 173.48429510591671
75 176.0
76 162.7423822714682
77 161.91600607185023
78 177.51479289940832
79 169.8445761897132
80 170.3125
81 163.08489559518364
82 165.08030933967876
83 165.48120191609817
84 162.98185941043084
85 157.7854671280277
86 162.24986479177934
87 161.18377592812786
88 161.41528925619838
89 155.28342381012502
90 154.32098765432102
91 154.5707040212535
92 152.4102079395085
93 146.83778471499593
94 157.31100045269352
95 157.34072022160663
96 147.56944444444446
97 143.4796471463492
98 148.89629321116203
99 148.96439138863383
100 148.0
101 146.0641113616312
102 147.05882352941177
103 146.10236591573192
104 147.00443786982248
105 143.31065759637187
106 138.83944464222142
107 141.4970739802603
108 141.46090534979425
109 140.56055887551554
110 139.6694214876033
111 139.59905851797745
112 141.10331632653063
113 138.6169629571619
114 135.42628501077252
115 134.593572778828
116 134.51248513674196
117 135.14500693987873
118 140.04596380350472
119 134.17131558505756
120 131.94444444444446
121 130.45556997472852
122 131.68503090567052
123 135.50135501355012
124 131.37356919875128
125 131.84000000000003
126 130.38548752834464
127 131.44026288052578
128 131.2255859375
129 129.19896640826875
130 128.40236686390534
131 128.1976574791679
132 126.26262626262626
133 126.63237039968341
134 124.74938739140121
135 125.65157750342934
136 127.59515570934259
137 128.40321807235333
138 120.24784709094727
139 121.11174369856631
140 122.9591836734694
141 123.23323776469996
142 124.97520333267208
143 124.21145288278154
144 117.66975308641975
145 122.71105826397148
146 122.44323512854193
147 119.8574667962423
148 120.06939371804236
149 117.5622719697311
150 120.0
