1 10000.0
2 7500.0
3 6666.666666666668
4 5000.0
5 4800.0
6 4166.666666666668
7 3061.2244897959185
8 2343.75
9 1975.3086419753085
10 1900.0
11 1983.4710743801656
12 2013.8888888888891
13 1952.6627218934912
14 1683.6734693877552
15 1511.1111111111113
16 1562.5
17 1591.695501730104
18 1450.6172839506173
19 1412.7423822714684
20 1350.0
21 1360.5442176870747
22 1342.9752066115705
23 1266.5406427221171
24 1284.7222222222224
25 1280.0
26 1257.396449704142
27 1124.8285322359397
28 1109.6938775510205
29 1189.0606420927465
30 1166.6666666666667
31 1123.8293444328822
32 1093.75
33 1101.9283746556473
34 1107.2664359861594
35 1036.734693877551
36 1033.9506172839506
37 1029.9488677867055
38 1024.9307479224378
39 1038.7902695595005
40 1012.5
41 993.4562760261749
42 980.7256235827664
43 935.6408869659276
44 991.7355371900828
45 962.962962962963
46 931.0018903591682
47 900.8601177003168
48 933.1597222222224
49 916.2848812994586
50 912.0
51 907.3433294886581
52 876.4792899408284
53 879.316482734069
54 867.6268861454047
55 869.4214876033056
56 845.0255102040817
57 861.8036318867343
58 856.1236623067775
59 838.8394139615052
60 833.3333333333335
61 822.3595807578608
62 822.0603537981268
63 833.9632149155957
64 791.015625
65 807.1005917159764
66 787.4196510560146
67 799.7326798841614
68 780.7093425605539
69 777.1476580550304
70 763.265306122449
71 759.7698869271969
72 763.8888888888888
73 737.4741977857008
74 741.417092768444
75 757.3333333333333
76 734.0720221606649
77 723.5621521335808
78 733.070348454964
79 732.2544464028201
80 718.75
81 693.4918457552201
82 707.9119571683522
83 711.2788503411238
84 697.2789115646258
85 694.809688581315
86 680.0973499188751
87 681.7281014665081
88 693.4400826446283
89 674.1573033707866
90 670.3703703703704
91 665.3785774664897
92 668.7145557655955
93 657.8795236443519
94 662.0642824807604
95 651.5235457063711
96 651.0416666666667
97 644.0641938569453
98 635.1520199916702
99 637.6900316294257
100 633.0
101 626.4091755710224
102 626.6820453671664
103 617.4003204826091
104 612.0562130177515
105 614.9659863945578
106 612.3175507297971
107 600.9258450519696
108 597.565157750343
109 603.4845551721237
110 606.6115702479339
111 593.2959987014042
112 585.140306122449
113 581.8779857467305
114 580.1785164666051
115 581.4744801512287
116 574.4649227110582
117 569.8005698005697
118 569.5202528009193
119 565.6380199138479
120 556.2500000000001
121 558.0219930332628
122 562.3488309594195
123 552.5811355674532
124 550.8584807492194
125 545.2800000000001
126 548.6268581506675
127 544.9810899621799
128 534.0576171875
129 531.2180758367887
130 530.7692307692308
131 532.0202785385468
132 530.8769513314967
133 524.0544971451184
134 522.3880597014926
135 518.5185185185185
136 521.1937716262977
137 514.1456657253982
138 508.29657634950644
139 512.913410278971
140 506.6326530612245
141 503.9987928172627
142 498.90894663757183
143 496.35679006308374
144 493.82716049382714
145 498.92984542211656
146 485.55075999249385
147 487.2969596001666
148 485.29948867786703
149 477.4559704517815
150 487.1111111111111
