1 10000.0
2 10000.0
3 6666.666666666668
4 6875.0
5 4400.0
6 5000.000000000001
7 3469.387755102041
8 2812.5
9 2592.5925925925926
10 2100.0
11 2396.6942148760336
12 2291.666666666667
13 2189.3491124260354
14 1836.734693877551
15 1688.8888888888891
16 1835.9375
17 1730.1038062283742
18 1728.395061728395
19 1440.443213296399
20 1600.0
21 1405.8956916099773
22 1487.6033057851243
23 1379.962192816635
24 1458.3333333333335
25 1328.0
26 1346.1538461538462
27 1316.8724279835392
28 1224.4897959183675
29 1296.0760998810938
30 1222.2222222222224
31 1227.8876170655565
32 1191.40625
33 1221.3039485766758
34 1159.1695501730107
35 1159.1836734693877
36 1149.6913580246912
37 1132.2132943754564
38 1128.8088642659282
39 1157.1334648257728
40 1112.5
41 1070.7911957168353
42 1054.421768707483
43 1081.665765278529
44 1053.7190082644631
45 1051.851851851852
46 1034.9716446124764
47 1023.087369850611
48 1041.666666666667
49 1020.4081632653061
50 1000.0
51 999.6155324875048
52 998.5207100591716
53 975.436098255607
54 967.0781893004116
55 968.5950413223139
56 943.8775510204082
57 944.9061249615264
58 951.2485136741973
59 945.1307095662165
60 930.5555555555557
61 924.4826659500135
62 928.720083246618
63 914.5880574452002
64 908.203125
65 911.2426035502959
66 909.090909090909
67 911.1160614836267
68 878.0276816608998
69 873.7660155429531
70 885.7142857142858
71 892.6800238048005
72 879.6296296296296
73 861.3248264214674
74 858.2907231555879
75 849.7777777777777
76 846.6066481994461
77 861.8654073199527
78 844.8389217619989
79 844.4159589809326
80 837.5
81 832.1902149062641
82 834.3248066627008
83 811.4385251850779
84 807.8231292517006
85 823.529411764706
86 813.953488372093
87 804.5977011494252
88 799.3285123966944
89 809.2412574169929
90 800.0000000000001
91 792.1748581089242
92 790.406427221172
93 790.8428720083245
94 785.4232684472611
95 783.3795013850414
96 779.0798611111112
97 771.6016579870335
98 775.7184506455644
99 763.1874298540966
100 763.0
101 750.9067738457013
102 758.3621683967705
103 755.961919125271
104 753.5133136094674
105 749.2063492063492
106 742.2570309718761
107 746.790112673596
108 733.8820301783265
109 731.4199141486408
110 728.9256198347107
111 735.3299245191138
112 723.8520408163266
113 712.6634818701543
114 719.452139119729
115 723.6294896030246
116 715.6658739595719
117 709.3286580466067
118 703.1025567365699
119 708.9894781441989
120 712.5000000000001
121 698.7227648384674
122 698.7368986831498
123 699.9801705334125
124 688.0853277835587
125 686.0800000000002
126 687.8306878306877
127 684.481368962738
128 679.931640625
129 681.4494321254733
130 678.698224852071
131 678.2821513897792
132 666.8962350780532
133 667.0812369269037
134 664.4018712408109
135 662.2770919067215
136 655.2768166089967
137 656.934306569343
138 657.9500105019954
139 652.657729931163
140 652.0408163265306
141 644.8367788340627
142 652.1523507240627
143 639.6400801995206
144 643.3256172839506
145 636.8608799048752
146 637.5492587727528
147 636.7717154889166
148 639.609203798393
149 634.6560965722266
150 626.2222222222222
