1 10000.0
2 2500.0
3 4444.444444444445
4 2500.0
5 3200.0
6 2222.2222222222226
7 2244.8979591836737
8 1406.25
9 1604.938271604938
10 1500.0
11 1487.6033057851243
12 1527.777777777778
13 1420.1183431952663
14 1326.530612244898
15 1333.3333333333335
16 1210.9375
17 1245.6747404844293
18 1265.432098765432
19 1191.1357340720224
20 1050.0
21 1133.7868480725624
22 1095.04132231405
23 1115.3119092627599
24 1041.666666666667
25 1024.0
26 991.1242603550296
27 973.9368998628258
28 982.1428571428572
29 939.3579072532698
30 944.4444444444446
31 915.7127991675336
32 917.96875
33 863.1772268135903
34 891.0034602076126
35 881.6326530612245
36 856.4814814814814
37 861.9430241051862
38 831.0249307479226
39 848.1262327416175
40 818.75
41 826.888756692445
42 810.657596371882
43 800.4326663061115
44 795.4545454545456
45 800.0000000000001
46 760.8695652173913
47 765.0520597555454
48 750.8680555555557
49 753.8525614327364
50 744.0
51 726.6435986159169
52 728.5502958579882
53 719.1171235315059
54 703.0178326474623
55 690.9090909090909
56 698.3418367346939
57 692.5207756232686
58 680.7372175980973
59 675.0933639758689
60 661.1111111111112
61 679.9247514109111
62 660.7700312174817
63 660.1158982111363
64 637.20703125
65 636.6863905325444
66 629.0174471992653
67 619.2916016930275
68 629.3252595155711
69 623.8185255198488
70 606.1224489795918
71 599.0874826423328
72 607.6388888888889
73 606.1174704447363
74 613.5865595325055
75 597.3333333333333
76 581.7174515235458
77 580.1990217574634
78 580.2103879026957
79 568.8190995032847
80 576.5625
81 556.3176345069348
82 559.1909577632362
83 558.8619538394544
84 562.641723356009
85 550.8650519031142
86 544.889129259059
87 541.6831813978067
88 539.7727272727274
89 531.4985481631107
90 537.0370370370371
91 531.336795073059
92 534.0264650283553
93 516.8227540756156
94 525.1244907197827
95 508.5872576177285
96 504.55729166666674
97 510.1498565203527
98 495.62682215743445
99 498.92868074686265
100 498.0
101 490.1480247034604
102 486.3514033064206
103 489.2072768404185
104 480.7692307692308
105 470.74829931972783
106 485.04805980776075
107 467.2897196261682
108 470.67901234567904
109 472.1824762225403
110 459.5041322314049
111 457.755052349647
112 460.7780612244898
113 459.70710314041827
114 448.59956909818396
115 446.88090737240077
116 443.66825208085606
117 447.07429322813937
118 443.83797759264576
119 436.4098580608714
120 438.88888888888897
121 426.20039614780416
122 425.96076323568934
123 430.96040716504723
124 425.9885535900103
125 419.2000000000001
126 422.6505416981607
127 411.06082212164426
128 418.701171875
129 415.2394687819242
130 400.0
131 410.8152205582426
132 406.33608815426993
133 399.1180959918593
134 401.5370906660727
135 395.06172839506166
136 393.5986159169551
137 388.40641483296923
138 388.04872925855915
139 387.6610941462657
140 379.5918367346939
141 382.77752628137415
142 384.3483435826225
143 378.502616264854
144 371.8171296296296
145 371.93816884661123
146 372.95927941452425
147 371.14165394048774
148 363.8604821037253
149 365.2988604116932
150 370.22222222222223
