1 8633.377785668854
2 8633.377785668854
3 5755.585190445902
4 5935.447227647337
5 4489.356448547805
6 4076.8728432325142
7 3171.4449008579463
8 2967.7236138236685
9 2771.207684288768
10 1985.6768907038365
11 1926.4562001079257
12 1978.482409215779
13 1890.1477992292755
14 1894.057371345718
15 1726.6755571337708
16 1719.930730738717
17 1613.1570949000625
18 1598.773664012751
19 1458.8256092127428
20 1510.8411124920494
21 1409.531067047976
22 1319.9792482220973
23 1419.8560819531008
24 1378.9422852109974
25 1339.900232335806
26 1226.0418157162867
27 1255.3333954470486
28 1244.3516451282915
29 1170.2795095912595
30 1199.080248009563
31 1176.8704369642246
32 1197.2066851220482
33 1173.3148873085313
34 1142.6529422208775
35 1148.7678196441007
36 1125.8031217423122
37 1065.7712533075503
38 1088.140413429177
39 1072.786588751751
40 1111.547389904865
41 1083.6660992124498
42 1032.6772748163992
43 1036.5656400316311
44 1043.497108391793
45 1023.2151449681605
46 1015.9315069147186
47 1020.0595754004394
48 985.4940788328596
49 978.0419648904325
50 970.3916631091793
51 965.9027049710252
52 961.037985756777
53 977.363522905908
54 941.5000465852864
55 953.2390679052552
56 922.2517723849063
57 943.3207491266369
58 911.0728638265288
59 907.7323382806092
60 911.3009884872679
61 909.5092964209058
62 902.8662512588136
63 885.307321432911
64 876.827431356993
65 872.5330921847576
66 885.9320179508674
67 861.6068719045771
68 855.1226266947091
69 861.3430893074366
70 863.3377785668854
71 851.1780915448165
72 841.0215628400409
73 840.8187409949586
74 830.8601338655016
75 825.7346219893054
76 813.1159133316927
77 829.9924671666802
78 801.7518818052107
79 805.0994826565089
80 806.6812368484335
81 784.2544063799172
82 789.6382121038586
83 783.257528820298
84 776.9550586592576
85 781.4849926404748
86 777.4242300237232
87 768.7801066905545
88 764.7852738854382
89 771.6742169238162
90 764.2138113980949
91 754.8080566144489
92 757.8685839735301
93 741.6579598510762
94 747.4574474917013
95 736.5873567828273
96 739.1205591246447
97 735.8878716235965
98 724.5421173728755
99 724.0727007264359
100 724.3403962176169
101 719.3776215879351
102 721.1077754465815
103 707.9874327016591
104 708.0072204038713
105 707.114751969068
106 699.2144700034404
107 704.303856390489
108 693.5420940647905
109 693.9546995466505
110 689.9567205571719
111 697.2007870092126
112 687.5593437406876
113 678.8245983876208
114 681.5824567633306
115 671.738808427467
116 671.7558369199828
117 670.4127829765499
118 662.1981812047067
119 665.7473724984385
120 662.4918370252835
121 650.9971364919345
122 656.610027773256
123 651.1127010012666
124 650.7599410503514
125 648.1249371257322
126 642.7722690010447
127 647.677296835471
128 636.0160514710881
129 639.6823994789794
130 638.0525949290177
131 634.3854896409548
132 628.2784109405479
133 631.0677526637926
134 623.6072058371856
135 623.403301286157
136 618.4702403769047
137 612.234313640857
138 612.9136088124495
139 614.4037293770858
140 617.5507987503946
141 607.0852645422794
142 609.6969830783796
143 595.7110888346009
144 593.7112616880685
145 595.4053645288865
146 596.5924881915097
147 596.8932579846021
148 588.4602371258035
149 587.5876687602197
150 585.1511610286667
