1 10000.0
2 10000.0
3 6666.666666666668
4 6250.0
5 3600.0
6 4166.666666666668
7 2448.979591836735
8 2343.75
9 1851.8518518518517
10 1800.0
11 1735.537190082645
12 1458.3333333333335
13 1420.1183431952663
14 1224.4897959183675
15 1244.4444444444446
16 1171.875
17 1141.868512110727
18 1049.3827160493827
19 1135.734072022161
20 1175.0
21 929.7052154195011
22 929.7520661157027
23 850.6616257088847
24 937.5000000000002
25 832.0
26 857.9881656804733
27 823.0452674897119
28 854.591836734694
29 820.4518430439952
30 766.6666666666667
31 770.0312174817897
32 742.1875
33 743.801652892562
34 709.3425605536333
35 726.530612244898
36 686.7283950617284
37 723.1555880204528
38 699.4459833795015
39 670.6114398422092
40 706.25
41 648.4235574063058
42 663.2653061224489
43 648.9994591671174
44 625.0000000000001
45 597.530864197531
46 623.8185255198488
47 629.2440018107741
48 603.2986111111112
49 583.0903790087464
50 596.0
51 595.9246443675509
52 588.0177514792899
53 573.1577073691706
54 579.5610425240055
55 578.5123966942148
56 570.7908163265306
57 557.0944906124961
58 555.885850178359
59 554.4383797759264
60 566.6666666666667
61 556.3020693362
62 538.5015608740894
63 529.100529100529
64 527.34375
65 525.4437869822485
66 516.5289256198347
67 516.8188906215194
68 516.8685121107268
69 516.698172652804
70 506.12244897959187
71 509.81948026185273
72 511.1882716049382
73 493.5259898667667
74 502.1913805697589
75 485.3333333333333
76 493.4210526315791
77 480.68814302580535
78 484.8783694937542
79 480.69219676333927
80 471.875
81 477.06142356348107
82 469.95835812016657
83 470.3149949194369
84 460.60090702947844
85 460.8996539792388
86 459.70795024337485
87 466.3760073985995
88 445.50619834710756
89 459.5379371291504
90 445.67901234567904
91 444.3907740611038
92 445.4158790170132
93 439.35715111573586
94 436.84925305568123
95 433.24099722991684
96 431.85763888888897
97 425.12488043362725
98 423.7817576009996
99 418.3246607489032
100 423.0
101 418.5864130967552
102 429.64244521337946
103 412.8570082005844
104 403.1065088757396
105 409.9773242630385
106 401.38839444642224
107 413.1365184732291
108 408.95061728395063
109 408.21479673428166
110 404.95867768595036
111 404.18797175553937
112 386.63903061224494
113 391.573341686898
114 396.27577716220367
115 385.63327032136107
116 393.8763376932223
117 394.4773175542406
118 389.97414536052855
119 380.6228373702422
120 377.7777777777778
121 381.12150809370945
122 377.58667024993287
123 375.43790072047057
124 370.7075962539021
125 370.56000000000006
126 371.0002519526328
127 367.66073532147067
128 366.2109375
129 368.3672856198546
130 365.6804733727811
131 364.7806071907232
132 358.12672176308536
133 355.58821866696815
134 360.8821563822678
135 351.7146776406035
136 358.4558823529413
137 355.3732218019074
138 355.49254358328085
139 354.01894311888617
140 350.0
141 346.0590513555656
142 349.6330093235469
143 341.336984693628
144 347.22222222222223
145 344.82758620689657
146 344.81140927003185
147 337.3594335693461
148 339.2074506939372
149 339.1739110850863
150 332.4444444444444
