1 0.0
2 0.9743474602076395
3 2.7744824270156263
4 4.895608582465801
5 6.805164812818011
6 8.48823907588058
7 8.02648171112391
8 7.73452523920235
9 8.652824795749057
10 8.772768848667656
11 8.745921595386609
12 11.772426409302499
13 9.415198489129576
14 12.692052773030614
15 10.538258437171182
16 8.969051234915705
17 9.824757608039642
18 11.588529278024728
19 11.7452258098967
20 9.655357241894684
21 12.994470224673043
22 10.89966433776749
23 13.040177779726516
24 12.038458032687684
25 14.023159467946277
26 14.031187686149776
27 14.595716905112212
28 13.968859526899829
29 14.249916761900119
30 14.820821690608748
31 16.847598456136474
32 14.259982409356535
33 16.319679429761283
34 13.329013255284774
35 15.351671499967612
36 16.327183612779276
37 14.483520270771535
38 15.337559615589507
39 17.541500425135027
40 16.492888507162625
41 16.130803702318822
42 17.115454167675455
43 17.81077474911461
44 17.722381272540648
45 16.32620199427121
46 19.928620466147805
47 18.01032503555175
48 17.960075469493123
49 18.839531210747666
50 21.255130944432825
51 17.882847969513776
52 20.374744278111987
53 20.648188645680264
54 18.212419616189155
55 19.08674051638814
56 19.017334450561698
57 21.429054026421507
58 17.340058371696028
59 23.854869225219783
60 19.393907898730163
61 20.12367661128202
62 22.066953391686027
63 21.750440626826705
64 24.459347679612126
65 21.97038710156968
66 21.775562427294275
67 21.18827983092119
68 25.27451611996857
69 25.198187794128202
70 21.56430139636877
71 25.57900181873612
72 22.580782770797068
73 25.08083884583577
74 21.936114677587064
75 22.615574158460593
76 24.2574763484588
77 21.821188201461666
78 23.83824335347405
79 25.78341773441289
80 24.469657117235336
81 24.681307102143236
82 24.52715577231368
83 25.3890862430974
84 28.40773005483014
85 26.139158164910743
86 25.71797754605838
87 27.55437361765854
88 28.056128331660805
89 34.53823520977221
90 25.285465597065265
91 25.52112606916563
92 26.37524549757843
93 27.10905251370033
94 35.249200249808425
95 28.704644019325507
96 29.90770098302096
97 27.45829019755682
98 27.873772714937893
99 30.384022294707997
100 31.98634335933136
101 32.83745869123705
102 33.01377725000731
103 31.498921429518628
104 29.75444307739551
105 34.5628319368289
106 33.25385787855218
107 41.78217780452741
108 36.49924647740144
109 36.022691235931
110 35.77472660834514
111 31.919991695147775
112 35.85225336439998
113 35.61743871951681
114 33.033095208262935
115 43.73709197563447
116 36.35010322672546
117 39.79263485359065
118 31.246405745496805
119 35.8517230845369
120 34.066519092710024
121 40.764231051827274
122 30.110616938492107
123 38.68097759682497
124 32.79327165213902
125 37.228556115201144
126 33.596077860861435
127 36.14682013337333
128 34.857299924184964
129 36.62583605533829
130 34.599180067640305
131 42.957169124671374
132 30.378512941603926
133 34.980530939537765
134 41.050981108448276
135 34.53289698723
136 31.502213834605246
137 35.99434453119303
138 34.88762869271327
139 34.86942256527159
140 34.23955822034657
141 33.582688487484674
142 32.78333703790803
143 40.6819865593217
144 42.17718666474422
145 37.48638873357754
146 38.132185871868934
147 41.34642594255599
148 42.56443458114553
149 47.93466638351684
150 49.170166131250554
