1 0.0
2 21.688240665629905
3 19.520925389462374
4 33.13837167696363
5 30.306021198458897
6 44.33389801608656
7 51.711347008353464
8 57.27775454660934
9 49.543934160930974
10 62.627233379262876
11 60.07040397697434
12 74.75887545839905
13 88.12171700310194
14 83.35045531200488
15 95.78399198351103
16 104.62150098057775
17 107.77108547863378
18 100.44523864315661
19 118.13080865495188
20 123.7785849277004
21 142.99154276078536
22 135.77715453023788
23 139.93559675174708
24 160.90096601279976
25 169.44885968852844
26 169.83749440317192
27 185.5425376102228
28 200.71222215361564
29 208.7858371677716
30 206.37718643231602
31 227.17059797014738
32 229.74937967542618
33 256.29486771965827
34 240.55762597278462
35 264.78179894492473
36 242.56231032013844
37 276.2708612039911
38 279.2339504165157
39 299.40028156433186
40 288.89660778155104
41 320.6631513341201
42 318.4694480271644
43 351.3752506749241
44 343.0937264968691
45 356.59612701350005
46 368.92715582796603
47 358.5781839834546
48 396.193248816075
49 400.4875541832758
50 400.33780639950425
51 412.0698303864519
52 411.6215425729591
53 438.53651020819893
54 465.8447552936682
55 437.4266285394071
56 468.5323751076583
57 503.3413606098436
58 487.2112396544127
59 534.9825641794462
60 519.9948270170405
61 530.1808140535744
62 545.7814150517746
63 580.7634777090032
64 577.514608238705
65 564.2755753272264
66 601.815411704903
67 624.1384934249746
68 619.7667662129713
69 612.3840256395496
70 643.7326635508824
71 690.4846592763016
72 661.0045653946582
73 699.5757405970784
74 683.1150438670031
75 703.069091327978
76 721.8098469550723
77 734.4293523298761
78 739.161505533997
79 775.2916198483821
80 784.7421711268063
81 776.2933977783944
82 798.7893023933509
83 845.9183755525945
84 810.2476018130463
85 828.6117606301029
86 872.884162769819
87 874.7085798372801
88 912.9854776489439
89 895.9277789438145
90 950.3841647465349
91 949.476225348495
92 932.7045182984482
93 1014.7767828371875
94 981.711883372395
95 978.5035389297144
96 1059.6233051458998
97 1039.1224708493946
98 1011.7505665174992
99 1117.3767159660588
100 1056.7487216753743
101 1073.5141221463505
102 1112.6741887150545
103 1112.156920002792
104 1149.0840320727846
105 1180.811026582856
106 1181.850374950403
107 1179.866314200356
108 1238.6569996371882
109 1323.6527564927205
110 1214.1258772157198
111 1273.508292417305
112 1237.433504609604
113 1299.6652815972366
114 1380.6386572727195
115 1331.340186719851
116 1323.9426920977314
117 1442.4576175356844
118 1454.657453308192
119 1415.730653791307
120 1439.8514129376124
121 1496.6632945055642
122 1490.9684037277382
123 1466.6321300820366
124 1602.6924000181255
125 1465.9841820873828
126 1574.0989826720418
127 1561.9599589144761
128 1556.3789801464245
129 1624.569627538667
130 1677.3102596475594
131 1650.1140834981857
132 1666.504522930237
133 1731.6894715044716
134 1699.5489521019915
135 1758.3530574408164
136 1781.6755703358322
137 1856.433130969674
138 1794.5750636909095
139 1870.1184998432025
140 1869.7746052197365
141 1828.577140199364
142 1966.5375655296705
143 1917.818771322457
144 1961.69727473692
145 2051.7529803154853
146 2039.442773439142
147 2052.35773632223
148 2075.0166227948316
149 1989.8853474550815
150 2139.4858129280515
