1 0.0
2 14.385128812667222
3 9.659614834449524
4 16.014464198514727
5 23.4075784617915
6 32.57404238279749
7 36.83915952583717
8 37.22072821981265
9 38.92069118052676
10 35.430944275920396
11 47.41849063549046
12 49.69811910305393
13 56.63652143280272
14 66.1478494431289
15 58.145032046915254
16 55.10936675747104
17 69.43360103768906
18 71.3873024675807
19 78.49112139175445
20 82.79996819392737
21 82.64064648540935
22 83.37557612655333
23 84.87791999542236
24 82.0000405056845
25 99.34492441219297
26 105.07873174462568
27 105.79174996645683
28 106.09574492698184
29 109.87387593217231
30 105.44420753311694
31 106.40543287711627
32 119.11358402092628
33 128.87102214447242
34 132.3512231587124
35 135.54280097134844
36 130.9681421676256
37 136.38622017571686
38 140.44463866790204
39 136.14337147903697
40 142.11071618325678
41 151.85949893695832
42 152.48338951674654
43 163.26761227148816
44 153.63766260971886
45 154.31911059510162
46 171.7281485320182
47 160.56413944040185
48 174.26912080742207
49 175.92291822709117
50 174.10714103208534
51 182.47384105890083
52 184.11591598357694
53 189.6442878943861
54 186.18230300294906
55 191.88687314831824
56 196.6799519082688
57 205.24326285792696
58 204.6015340272589
59 210.05789961285134
60 203.00348548629213
61 210.3352460785923
62 203.18095875819637
63 210.5409970732756
64 231.0147303184073
65 225.5279996674823
66 228.9882157039028
67 228.80144278948703
68 231.26927071512736
69 225.12194380747314
70 241.71395653764364
71 231.03564333050642
72 248.43314351902848
73 253.9886333866565
74 239.63527136107942
75 241.46597266044557
76 256.4750154724751
77 254.30357023926
78 251.11757388113503
79 260.17193683557684
80 260.4640861702239
81 259.4972887314759
82 278.0343966469974
83 271.7073611699132
84 266.6715745938134
85 271.35649769216997
86 274.3951183037267
87 267.8129576008543
88 287.93847557518046
89 290.38876911171394
90 274.40152688965094
91 291.0255752494482
92 289.3893764844963
93 283.8936160926578
94 298.2638266736033
95 297.450502442961
96 292.6567392325634
97 295.5068367523649
98 314.44876312556016
99 308.0460528167539
100 310.4853772371603
101 306.8295093668152
102 295.4777730364577
103 305.83436769122096
104 309.2043195592439
105 330.71522325499956
106 331.45571589522154
107 328.282708906625
108 325.4555375675194
109 307.7519899831479
110 301.66905697486834
111 335.9849214721173
112 341.32605322208883
113 362.50862289079913
114 337.4876211331305
115 323.06480449481654
116 319.6515083033613
117 349.74992885874053
118 351.7618753701839
119 351.8059125545542
120 356.12901468741774
121 356.4746534193042
122 327.9979521059542
123 358.77070519395164
124 353.964727594097
125 353.3205289630486
126 358.1877345667004
127 356.5683550341745
128 359.2644997703213
129 390.4777708994861
130 379.43467288983095
131 359.5591779264616
132 366.66245995191935
133 349.10521870637086
134 358.59022416953786
135 384.83781751827166
136 402.16856516573995
137 390.17366005618896
138 378.3256751182911
139 354.3089432517773
140 357.36918263478566
141 381.2933831784128
142 419.5080852200305
143 410.2460822161479
144 422.86348715352773
145 369.8259847554646
146 368.38515292988546
147 385.1141986966215
148 404.48388349429973
149 402.89300775056637
150 416.4360925115495
