1 0.0
2 29.47138397883189
3 14.682297521572352
4 25.992611735667275
5 57.28685967222209
6 75.32523452250963
7 63.63463279239874
8 63.265299897056465
9 52.79218764217737
10 42.85049995124321
11 54.77099856704998
12 80.85453700829034
13 81.25622127756229
14 77.89866335647295
15 74.1908130573178
16 63.248020674974946
17 80.77810622293812
18 93.54350447243378
19 91.71234615638859
20 107.74335262608736
21 88.7115948824875
22 90.14238642811972
23 81.62449584333152
24 90.18962244806828
25 100.7258274045591
26 107.37514984611609
27 99.97144761193492
28 109.46835102645525
29 98.09062289001405
30 129.34657909913102
31 117.9878656143167
32 108.85765453346947
33 142.47896747858186
34 125.45833029808755
35 114.41900579325691
36 131.8541912939511
37 134.2681258729526
38 124.42967931425831
39 138.5349159572408
40 120.30906511843148
41 140.18979617746663
42 147.9261815327188
43 143.12551983411862
44 126.04386840844384
45 162.1224434283309
46 143.91162155912397
47 133.49394170798885
48 150.01282764157926
49 151.5972079021929
50 161.3028731804597
51 161.41826583822737
52 159.3735324217057
53 165.1546896241434
54 168.80306970909973
55 164.66218577592971
56 161.36856132452206
57 177.82806229328642
58 173.7111358288395
59 173.07767497496567
60 180.3103726084093
61 174.97571263021968
62 194.51379933118082
63 175.0628095127369
64 179.5136088450917
65 199.50433915335034
66 200.61098499845448
67 186.04735913963418
68 188.86551452218822
69 207.38689889363587
70 192.98831646215532
71 200.6633350212999
72 205.91266787009602
73 187.0577286771014
74 205.6908726380415
75 210.07531466386433
76 216.05963957530383
77 216.6725271862367
78 195.06644493232244
79 193.21323504578572
80 206.36309002077329
81 217.01215546051452
82 216.04856933040176
83 224.98653827172257
84 207.51612198368827
85 191.97407291812343
86 231.08976031900653
87 225.62814238840932
88 220.16339768883654
89 241.1537344975643
90 235.31600594035189
91 224.17839440930624
92 221.64647549197483
93 238.54049168170988
94 230.57473650560718
95 248.17718310877223
96 236.76176897995117
97 232.2280320778122
98 241.74616144141547
99 237.5784108100761
100 228.84785348994234
101 255.49347598626454
102 235.64979116230577
103 249.8243963784856
104 252.55502329365626
105 249.1671159762344
106 243.37049113959242
107 255.14247489563996
108 253.0435746199086
109 245.08444171361813
110 269.8778786904418
111 256.5405839917893
112 255.96698440787875
113 267.4092690278857
114 251.10829966445078
115 261.9786471828023
116 272.5083734859631
117 273.88454069550545
118 262.41056662648054
119 305.03407984001154
120 275.7789773685954
121 266.66614980053424
122 267.641617617721
123 241.65153912695595
124 295.66148484931125
125 305.20876215411914
126 268.23274985103524
127 285.1260471729249
128 275.72858301113274
129 263.33257147973455
130 287.30730333147295
131 294.0598515261832
132 278.49979542164806
133 298.5215891874346
134 303.7988455052899
135 248.17908457990418
136 303.3296488158188
137 296.6762949768975
138 288.4357567650164
139 309.1756426933915
140 284.5296399758308
141 269.27609324269446
142 300.62538915822745
143 309.72135634856545
144 298.29272231271665
145 297.24010085052316
146 286.51871821630397
147 287.9719820090322
148 312.41429299829804
149 326.9817546969144
150 305.09795884063317
