1 0.0
2 21.970409532621588
3 17.986195949086934
4 33.66924342927954
5 29.59213593211338
6 42.91894710276505
7 38.53605446244706
8 48.93672813084462
9 50.85683817161658
10 61.802762257768244
11 63.51360785181516
12 65.57213045529473
13 75.7565202555568
14 79.50870478418416
15 87.56294194531759
16 109.98934691569634
17 111.87322277145071
18 109.66019930345526
19 123.39130721229839
20 123.71233924275712
21 124.02215623965128
22 141.9872565462365
23 158.0417197192845
24 151.7423828729037
25 165.54426925205556
26 184.18196511944961
27 187.19956062268724
28 188.13026411499962
29 195.15547280832845
30 213.97579260808976
31 214.96750488213488
32 229.6640658212398
33 231.38484664734878
34 243.23241736708997
35 253.4133569858108
36 264.3985821014286
37 269.9686564164368
38 286.8697778719666
39 298.68839194680896
40 296.4789979363863
41 302.2823206273042
42 307.29566435525254
43 319.28923448582657
44 330.66333347033327
45 350.63135442268293
46 356.2068143064343
47 368.0067433105062
48 367.80577656207026
49 387.4141371199431
50 406.60177242878626
51 408.1859920335773
52 439.40129504023156
53 433.7876178495316
54 449.56808334035253
55 471.1412236445774
56 468.0104231300437
57 470.9995257009128
58 486.4676944690754
59 499.13804529775666
60 518.1122563250259
61 513.4473837729853
62 531.740461202912
63 548.0696526762848
64 555.7932700811278
65 584.7427017589245
66 601.2055460892035
67 575.3580538930466
68 600.4094803413565
69 640.5355242793885
70 663.1398370166713
71 636.1515819736996
72 640.812307429898
73 685.6563376457659
74 694.7841612820048
75 698.515726638731
76 710.8971829670788
77 733.7411411473635
78 738.1027624096823
79 734.8055255638053
80 772.4703723519732
81 793.675735261626
82 768.8663895713862
83 830.1623658594872
84 783.5688998202072
85 861.439523255634
86 852.3520232122929
87 868.9364514521521
88 861.1800974186115
89 885.2441945810035
90 923.5665266822508
91 919.2481328173128
92 930.5014223713584
93 962.8554438859916
94 972.2470668323668
95 1054.1401279402294
96 998.2048432594628
97 1078.3468326765844
98 1071.6559074429897
99 1068.0475949078318
100 1102.3220304752376
101 1031.6606914006309
102 1135.5639584767118
103 1085.9043846181853
104 1131.511009608273
105 1153.071279748411
106 1198.5369704919497
107 1208.005440226246
108 1209.1932978978598
109 1260.6730596806674
110 1244.6908241950164
111 1275.0118812471303
112 1319.344873575892
113 1260.852526774558
114 1307.3624265048652
115 1333.6293923597857
116 1324.34828894694
117 1377.7488758081715
118 1378.1734851046274
119 1435.5914949707947
120 1451.7833681145303
121 1476.3429251893165
122 1477.1221481099772
123 1482.1643681964713
124 1485.8695005800935
125 1566.404775615228
126 1591.970556259997
127 1602.0802765862047
128 1628.1869291353785
129 1628.9256246646432
130 1631.0628348736384
131 1636.0945317333187
132 1711.6576802860966
133 1685.9242950945986
134 1685.5873124511459
135 1729.5219001664968
136 1795.4028179480022
137 1789.1890312799533
138 1851.1835879845887
139 1859.7782790853823
140 1918.2773316518417
141 1923.3721440434556
142 1860.9676032463174
143 1901.951685010329
144 1937.2981951182373
145 2006.1173683832785
146 1912.0031379126074
147 2036.7973790130568
148 2121.455835451231
149 2034.4011359318458
150 2029.4446557646806
