1 0.0
2 0.04511971424948883
3 5.460997157593715
4 23.72953193633639
5 9.45872453694154
6 24.614054022721152
7 13.376656522893896
8 24.160874745298315
9 19.149047954850147
10 23.5111274721414
11 20.48663892594033
12 23.543498182541757
13 20.717703036252487
14 23.854358400358485
15 19.58660572376144
16 22.59877909715134
17 23.5345789504781
18 20.237534031647048
19 20.87185195690439
20 22.081501677253616
21 21.956876582992795
22 22.94913544096519
23 23.083244362445832
24 23.56535669601018
25 23.40652981641178
26 25.301863600090666
27 26.383631030441258
28 26.071038272035935
29 22.892663432973162
30 23.481224793362863
31 21.423701295962314
32 25.43929246018616
33 23.17643440788849
34 25.62345596291705
35 23.757090605690298
36 25.651664480165916
37 26.79158888155077
38 24.89193055545551
39 24.85181484958527
40 27.07871591334777
41 24.41207270911992
42 24.224746763349085
43 26.37949361334266
44 25.482107598732473
45 28.124248800597023
46 27.814953428197033
47 29.30060496521374
48 30.0644009670088
49 31.781206469836146
50 30.806792682257946
51 31.92378686326133
52 32.294844523665596
53 30.97814083051172
54 30.456842803920956
55 28.900303444650085
56 28.152652519978737
57 27.975728005489128
58 26.89013805322304
59 28.007441364968404
60 28.735011894707043
61 27.833855048371294
62 30.20379470290016
63 27.861305968881187
64 30.409116025549515
65 27.324463802786294
66 31.015780652097202
67 27.621401157374933
68 30.190660983368325
69 30.096566831483553
70 28.998925904014037
71 33.777027248874276
72 29.134871996837
73 31.087765211152966
74 30.516260066195436
75 31.282716541329087
76 33.00515351140855
77 34.071070195462475
78 31.822011779202658
79 35.56991853795705
80 32.635198934648805
81 34.7938215513459
82 31.985110759064497
83 33.4576358320752
84 35.45270352461537
85 33.14358056422989
86 35.96788127139452
87 31.957216392440838
88 37.64170924589986
89 32.0514693936315
90 34.77097771468026
91 32.01615315665319
92 32.77128687841388
93 34.307956281452185
94 33.75675844542847
95 33.700778096675315
96 32.5218689409479
97 34.03169391703619
98 31.24959753061454
99 35.74046452362856
100 30.704679053255315
101 38.75476485235929
102 32.377818127106316
103 35.748118763070785
104 33.38436683417893
105 35.52937909309137
106 33.74936420251443
107 35.45777344671505
108 36.20650191168248
109 35.336673770185506
110 37.1495826877612
111 35.620422838339266
112 35.96865901799792
113 34.73796395465682
114 35.702266140058974
115 36.680706073296506
116 35.88281851628616
117 36.752819131553366
118 36.5962545499861
119 36.39737861324474
120 38.77261077957879
121 36.74227440049786
122 38.76024955383924
123 36.49743884651289
124 38.06677145331383
125 38.194228906170444
126 37.94666544212301
127 37.62977851751158
128 38.71933397774577
129 38.44885883207665
130 37.60040508970076
131 38.065290561314384
132 37.694362398478575
133 37.718558112395904
134 36.76470560995029
135 36.69538186706393
136 35.84269390458571
137 36.271804548664946
138 35.25319517287607
139 36.53715813988649
140 37.53879369376774
141 37.201110936873285
142 37.9681165821081
143 38.301091570667865
144 40.52417114408625
145 39.50048947653341
146 41.095993929938594
147 42.864447810016614
148 43.19267004402166
149 44.42047336044441
150 42.03041556311836
