1 0.0
2 2.4557773767163806
3 4.1387537408986015
4 5.752502276937409
5 5.954408451667467
6 6.4111759417574365
7 7.689637270829753
8 7.089838445643053
9 6.804224142973698
10 6.4720525657104115
11 7.105687297630094
12 7.631223990059275
13 7.613942077328911
14 7.825130427098231
15 7.837509056904257
16 7.200722066377882
17 7.650357998119914
18 8.0601340814286
19 8.12073432849312
20 7.685105782696766
21 8.281728592334042
22 8.293878016044284
23 7.757890506389409
24 8.272319609810404
25 7.9845118927991665
26 8.478896121704311
27 8.82738801989591
28 9.007567132341187
29 8.473165392577014
30 9.411339040774862
31 8.855075320669828
32 8.239817906090934
33 9.681373466946836
34 8.56950323595147
35 9.45594525210259
36 9.783503888095384
37 9.6416850212279
38 9.07375570310472
39 9.344213196485
40 10.200106355855453
41 9.143110110455908
42 9.593336454224662
43 9.48904328545922
44 9.477927192766312
45 9.941435303445084
46 9.909767944776602
47 10.044104825521298
48 9.960883621444909
49 9.632460123849508
50 10.241532710518824
51 10.497353130453844
52 10.168449402527006
53 10.19400728140036
54 10.428322076762514
55 9.914245779823906
56 10.302246379575484
57 10.072968358460498
58 10.654627956827728
59 10.540683214210441
60 10.189732049089463
61 10.469449165773614
62 10.614327240230592
63 10.780459621563224
64 10.522334244134866
65 10.502500160315783
66 10.878631843806122
67 11.045364283957081
68 10.870341695369584
69 10.807799713210137
70 11.077150430507405
71 11.173580086577298
72 11.14162921989106
73 11.104698305011677
74 11.251096666939159
75 11.539409165999013
76 11.459501751965893
77 11.308153207559652
78 11.342487841922976
79 11.885623460664123
80 11.267458093911806
81 11.445315834657336
82 11.98706985913797
83 11.79887386796138
84 11.974568952484642
85 12.18616939450999
86 11.123659402699367
87 12.075686599860527
88 11.762260654575195
89 11.933300657737249
90 12.69131972809251
91 12.459961330999135
92 11.692152186482934
93 12.048450252074698
94 12.272869378026071
95 11.945117844417425
96 12.690436827999102
97 12.354884202867648
98 12.307727841304189
99 12.466234977823245
100 12.190965785681128
101 12.844999454430926
102 12.309833582771935
103 12.960383134927143
104 12.519128473981997
105 12.752146843685754
106 13.413019561459668
107 13.28343707469502
108 13.000392882712989
109 13.227013071750031
110 13.499456028514171
111 12.962030828305588
112 13.383788936958767
113 12.983168107931153
114 13.241802768849722
115 13.430233346118248
116 13.602854773103402
117 13.880815278063327
118 13.36994821714671
119 14.283755841772997
120 13.682815829131929
121 13.76840915802638
122 14.108120565088027
123 13.820641511141098
124 14.23430626837216
125 14.189597246790603
126 14.194004039102854
127 13.876813883552096
128 14.508525436592548
129 13.83448154448765
130 14.681403330203969
131 14.36519486901429
132 14.543943364707214
133 14.71113383999807
134 14.729882261167354
135 14.408175436947639
136 14.278376796987974
137 15.294142116032098
138 14.937052863503325
139 15.03112980862001
140 15.18174796995901
141 14.753789553014633
142 15.011946967579867
143 15.645478505477168
144 14.717141533825064
145 15.243710074483735
146 15.801348473217676
147 15.829908606614909
148 15.531689151476906
149 15.796110769886957
150 15.33768328848407
