1 0.0
2 30.185395523599407
3 14.753905925004482
4 26.467494627942735
5 59.350121130791266
6 60.51760865673093
7 83.50042336740665
8 52.25986724794942
9 53.05761537568747
10 42.33524816853432
11 57.59313810472103
12 72.09217656761832
13 79.82773014290682
14 83.451749061033
15 72.46893244444644
16 57.56965234698973
17 73.4789461355381
18 77.25414926595957
19 79.31955726267351
20 115.7075558968084
21 100.94583875254676
22 81.41712519974575
23 71.29964379799476
24 86.14551381328278
25 103.75244876631662
26 102.6623061252893
27 110.78900890558867
28 114.14326117910532
29 86.59482678407954
30 87.95901703565454
31 104.95618924977693
32 116.37028661828357
33 140.76455396952318
34 123.87547168003299
35 114.41378656082485
36 102.30249210756617
37 109.35965355796962
38 126.97474080346319
39 123.21351782743366
40 143.5818813732762
41 143.66686415581142
42 112.10933289618951
43 117.64489751872827
44 120.6460777757375
45 120.58021763856253
46 138.96939357244992
47 149.09707412805622
48 129.0911323902559
49 154.6180011036943
50 150.98050576564705
51 141.10732646731645
52 120.82901811043448
53 163.3133781894798
54 142.90623317975434
55 166.25257164143602
56 175.90919478538507
57 150.69270414003657
58 157.6757480827074
59 159.93759088666732
60 139.86896526255575
61 170.64740482649913
62 182.6123009557351
63 171.49119923626233
64 166.4464830439763
65 181.85391624155594
66 165.64974741947034
67 161.85780291526416
68 191.58519043627655
69 182.82831945697126
70 182.12717009783853
71 183.5090187869731
72 186.51428978387494
73 205.0263561943921
74 188.42526953724567
75 156.91186115755627
76 195.96915296162072
77 200.81802715929132
78 185.71876114087954
79 187.6594131737735
80 211.13835392650668
81 204.67038050085034
82 185.42408670450146
83 167.20242439661172
84 229.7474074937611
85 210.92915767205275
86 186.97976151639807
87 193.10361306638703
88 204.48772613645897
89 221.05290373904228
90 208.62076162527117
91 219.39414878196595
92 214.35670403354865
93 214.05373899778667
94 195.21909565246173
95 199.8187777032625
96 236.7123980034019
97 228.8949510513158
98 230.94243042104537
99 240.72305509665904
100 199.3981474470617
101 229.2984961012105
102 235.23822230422766
103 224.78046444217082
104 231.32084726102926
105 240.49554693994853
106 222.3902989771982
107 220.36969844345256
108 238.04862747659686
109 245.60615108220034
110 229.25232206627336
111 232.94331703798554
112 250.45620197693012
113 237.80451607315615
114 252.4682217765327
115 240.93303770073672
116 257.67785845333003
117 245.75453777190563
118 252.43319894776545
119 239.16995585311818
120 269.3489323260558
121 249.43464431604997
122 240.40319301195953
123 258.5089433639712
124 280.6560559697389
125 259.6030677665154
126 273.8712832779503
127 265.3145808241025
128 250.4670373521863
129 248.4859560610934
130 281.0178121946663
131 287.5105483196348
132 272.40799669442276
133 285.83773621266573
134 269.7038604095658
135 252.15831078083477
136 259.78204003764887
137 283.66125239403164
138 277.81488395992875
139 295.3232041658
140 276.5053995639319
141 274.70311676397625
142 289.21873753574454
143 269.8814767551383
144 274.56479909811907
145 303.29490574044434
146 305.0640717094996
147 277.2843506761848
148 301.0635740420905
149 305.68705872373584
150 281.95444979135414
