1 0.0
2 3.8028706538261425
3 7.294950478135957
4 7.731761723439656
5 6.238431096103936
6 8.042875423543727
7 8.053284698614913
8 8.402957087744175
9 7.451397167880193
10 7.387192949841867
11 8.090486814991632
12 7.498137792451573
13 10.166120581009654
14 8.248499990615771
15 8.539777692524968
16 8.786942046864832
17 9.180374491046988
18 8.335497744591551
19 8.238194675640505
20 9.148075562648156
21 8.257529696337937
22 9.211814892916422
23 9.077316434428306
24 9.226170233522522
25 9.306587500705623
26 9.992441711648462
27 10.154098349079609
28 9.850191445763611
29 9.225942109289495
30 9.88463892357885
31 10.636725133025024
32 10.060505628497193
33 10.346755997688502
34 10.295242302026894
35 10.169486882241166
36 10.375871053474905
37 10.092957249007899
38 10.165422087061593
39 10.635935128515277
40 11.365227773557168
41 10.818282675098304
42 10.649290823152528
43 10.984949470105324
44 10.7829093030462
45 10.696911003147067
46 11.149280269310706
47 10.769992382497566
48 11.265684462783664
49 11.582401140091775
50 11.234016548675683
51 11.420338052608628
52 11.66422545462399
53 11.693439598705417
54 11.612093762726666
55 11.931806030265014
56 11.516846324829297
57 11.350040796474769
58 12.510369395718984
59 12.169578489222337
60 11.886626815330601
61 12.028942203332438
62 12.16591782443736
63 11.918513474024143
64 11.906729616897959
65 12.570422580643301
66 12.64907602158039
67 12.487465295334347
68 12.079059803062792
69 12.661729177679286
70 12.478518014097098
71 12.954923453372482
72 13.348745844267073
73 13.005737877300232
74 13.018195562116667
75 12.876668747123498
76 12.856234370413883
77 13.453292750598946
78 13.073529916546361
79 13.645331374707133
80 13.728596866406313
81 13.903861871453907
82 13.384119765477756
83 13.636187664952766
84 13.474296304738225
85 13.360789612283806
86 14.0699086709333
87 13.51977582985456
88 15.074624760261184
89 14.00037696010578
90 13.500706786384788
91 14.511748841644643
92 13.381752049644549
93 13.77352429101452
94 14.386745892405468
95 14.334402585783984
96 14.301646682028057
97 14.633955924291715
98 14.76929906220639
99 15.097885022888875
100 14.800369138681845
101 14.162568116112082
102 14.677415722425893
103 15.126256827986499
104 15.389455851508687
105 15.162920816602439
106 15.389195414591546
107 15.002152612709411
108 16.01812150718922
109 15.84412116481756
110 15.721750293582655
111 15.507331250420153
112 15.784165207197528
113 15.778418116737189
114 15.792988110063753
115 16.645126918331275
116 16.079108509086577
117 15.982865543364737
118 16.517955871424086
119 15.944188792216536
120 16.169902508229963
121 15.799010550823938
122 15.961586683827626
123 16.407298553515073
124 16.374701860667546
125 16.945119845724463
126 16.396217401935026
127 17.15401454239466
128 17.9428699692295
129 16.757405039393426
130 17.737548269173097
131 16.807381322684485
132 17.606070420384594
133 17.162318012053376
134 17.22157801949149
135 17.127372551291447
136 18.20771019406983
137 17.92915044344646
138 18.349878395877397
139 18.966790782063278
140 18.014786333691568
141 18.813924442038715
142 18.639310015075242
143 17.95671768933384
144 18.878459488269634
145 17.467386433173232
146 19.37647363678558
147 18.61368724877333
148 18.036897306000363
149 18.318082068651464
150 19.46657554971375
