1 0.0
2 3.817795867973835
3 6.832630235375709
4 7.624977261083886
5 7.398951899532184
6 7.880815064000968
7 9.379842424905013
8 7.872076595647476
9 7.441786122116475
10 8.006574583317501
11 8.321468465764445
12 8.930188491790352
13 8.403344336034422
14 8.70903464770484
15 8.39732357485058
16 9.324671381758689
17 8.972256050094217
18 8.679376646413308
19 8.93830672639791
20 8.084968039208771
21 9.067948417831344
22 8.995250193388127
23 9.280451112367379
24 9.666725101382351
25 9.597612974344313
26 9.118266089335894
27 8.79388784827868
28 9.370182214668725
29 9.337070675817822
30 10.118576579500797
31 9.31021762508532
32 9.819538794587901
33 9.678952957080748
34 10.097298796366493
35 10.773893142794966
36 10.455710503501091
37 9.855983616047242
38 10.719551282775608
39 10.874319616096619
40 10.66287108369524
41 10.677075089132732
42 10.329712111405952
43 10.73874424966677
44 10.490803590542662
45 11.00211827704858
46 11.656433590551819
47 10.537196012001367
48 10.436075349109263
49 10.914267670095859
50 11.634186073981196
51 11.666443997230335
52 10.221346986454899
53 10.469800587074802
54 12.191507026137964
55 10.877413563928155
56 11.65204854997375
57 11.298882641301114
58 11.636555771550228
59 11.755011442336292
60 12.077757618355752
61 11.200626018672377
62 11.674634255178223
63 12.052960665183878
64 12.413928932936791
65 11.833936124017173
66 12.553494359683848
67 11.94199458956951
68 11.283022178674678
69 12.363122429641518
70 12.34067600122455
71 12.606990191012978
72 13.018472199477612
73 12.857561430777352
74 12.218010032434377
75 12.71083828164469
76 13.366042722648247
77 12.355746074969145
78 13.430234287153414
79 13.112663343705595
80 12.756935741741199
81 13.304669777666888
82 13.300805098050901
83 14.025465763058545
84 12.96244399205429
85 13.618347006812794
86 13.59734147058554
87 12.237307179223661
88 13.248817553298622
89 13.397962935861521
90 13.23722141865576
91 14.024382462474652
92 14.017948434754492
93 14.523734686337905
94 13.64212342551584
95 13.894980070361209
96 14.182977224561986
97 14.31743911900057
98 13.800923303972137
99 14.286922226191582
100 14.459134211068218
101 14.63980925498356
102 14.740382652371064
103 14.20936291575118
104 15.435002955961751
105 14.464949923872936
106 14.613457250958248
107 15.458870284464812
108 14.917137642312996
109 15.551955043090313
110 15.972485992365689
111 15.28618690318204
112 16.12143918159937
113 15.134326695090358
114 16.209580836505324
115 16.107741432707858
116 15.416070189008803
117 15.342984647339625
118 15.989275851287214
119 16.143789029040963
120 15.556662164846456
121 16.088034423700552
122 16.824359755351022
123 16.04495331935688
124 16.68748821548778
125 16.226326120880675
126 16.160193248245008
127 16.359320332163886
128 16.41711829463164
129 16.255651493593692
130 17.18912527170833
131 16.901694138112397
132 16.897137584277434
133 17.87244112745334
134 17.196406481020933
135 17.74538424467284
136 18.51112095872746
137 16.788019742698218
138 18.22347989225016
139 18.37813211103383
140 17.650526165439185
141 17.64860036650755
142 18.059515242684576
143 18.376422900936525
144 17.29705621814055
145 18.055488028462218
146 17.822908403561648
147 18.6711827362872
148 17.78186598508153
149 18.180933505628076
150 18.027814989008736
