1 0.0
2 5.268969485419169
3 4.408750251540724
4 9.662309984512179
5 14.349441165809075
6 12.582799961689968
7 14.359355774393547
8 12.076399725732701
9 16.090913085243322
10 16.242387816092695
11 15.848821663945236
12 14.304068165982155
13 14.439422244668208
14 14.14251324179426
15 15.574322649448346
16 16.889467655090975
17 16.51231799367492
18 15.067896895227992
19 13.909531987974487
20 14.38464140585202
21 15.849167809764744
22 14.159759059813384
23 14.717551427659307
24 13.963341460172929
25 14.1986423477331
26 16.268071081386292
27 15.328750242808702
28 14.638005843259828
29 14.92761190962073
30 15.576493945166522
31 14.350122085122212
32 15.803886339470411
33 15.236496311955541
34 15.164939168230589
35 14.981298240258276
36 15.016270221434214
37 15.11156784046047
38 15.349711648828936
39 14.446207638574293
40 15.752006123302118
41 16.264218180287685
42 16.671028760458476
43 16.767684585908217
44 15.783355613101607
45 15.255493816287602
46 18.816070367444155
47 16.005516710950978
48 16.40211393690919
49 17.3205431331605
50 16.945524225256655
51 17.360551119801247
52 16.78527682716016
53 16.43382740063028
54 16.012303428984282
55 16.68568329090476
56 16.732379290303957
57 17.28666393014388
58 17.628357035669325
59 17.919618886666594
60 18.740867797118973
61 17.534607806948017
62 17.827331084804886
63 19.3413650162969
64 18.530497764163258
65 17.301551682017177
66 17.55374635626604
67 18.595147632458378
68 18.48435674345016
69 18.57258842121796
70 17.77352452860695
71 18.503926546693464
72 17.468287005595137
73 18.306460408002174
74 18.919556149571388
75 19.5306957249675
76 18.97265969064372
77 19.960524036051094
78 18.63111145996306
79 19.593560827796736
80 19.530179063125015
81 19.9749502000396
82 20.15512791975073
83 20.02608513345129
84 19.982289610977205
85 19.09290426878107
86 20.061849136001296
87 19.047791617376475
88 20.171555778575296
89 20.241069915160608
90 20.550814555457954
91 20.191384899435757
92 19.475408904690212
93 20.470646265939774
94 20.44914594152326
95 21.435814270534348
96 21.131339784836292
97 20.04628977283356
98 20.157668288348297
99 20.433379121001696
100 21.495134003008598
101 20.431135053419737
102 21.023516572131637
103 21.774711876614173
104 20.5850145167647
105 20.764566377623506
106 20.95668694053565
107 21.591371254505315
108 21.132390490132945
109 22.655912938219767
110 20.844324591705604
111 20.962964728470403
112 21.868670536570605
113 21.66226071404353
114 20.77453202209991
115 21.11256998751504
116 21.735902236654493
117 21.19150921041327
118 21.277885515818824
119 20.331732400529297
120 21.622664063825905
121 22.728289824855405
122 22.334845991957913
123 21.772934085523556
124 21.728126552135617
125 22.19676470410896
126 21.643450573682795
127 21.80457687443855
128 22.67095150345119
129 22.417135983970116
130 22.338161883556104
131 22.690025856290347
132 22.711593873913817
133 24.034116067099873
134 22.81705919784595
135 23.182035855992154
136 22.627608547963415
137 22.867654758222347
138 23.335782995242678
139 24.31764059792186
140 23.115133614322364
141 22.608962111198014
142 23.70860150234992
143 22.84445959175689
144 24.58962768533526
145 23.6124125262809
146 24.045230099817815
147 24.0705075792609
148 24.029136444645633
149 23.836367875852396
150 24.351540599880753
