1 0.0
2 1.3881473527408277
3 4.0364186724572555
4 12.150577867599441
5 13.13220421315776
6 21.366506264415833
7 25.605867507847222
8 30.37666148486141
9 21.16975032310551
10 27.407832330658987
11 27.16127171559466
12 35.066125410401845
13 35.19378314904098
14 40.85963397492429
15 34.599546304345985
16 37.322396972330665
17 37.818140524903214
18 41.46656736249408
19 41.15418508102061
20 45.65574106814757
21 46.607871230835784
22 48.10917983892058
23 46.33680044155318
24 50.698337347219734
25 53.57352247910497
26 54.237448719625924
27 56.55860180549394
28 53.197802482010374
29 56.07310439169876
30 58.95136122339232
31 56.47230549715738
32 62.890468519036624
33 65.47364821712209
34 64.81064238282688
35 62.444383064101864
36 66.11351815816374
37 63.368714225954946
38 67.82457609454652
39 69.58994771362805
40 69.74728806451657
41 73.02828078909113
42 72.519068766586
43 70.81887077560397
44 72.7302835271452
45 77.04846080647944
46 74.9790303363998
47 77.95463406136518
48 80.42507155961675
49 75.99027892846345
50 81.42931863708755
51 78.99595060438017
52 87.8532278961106
53 84.28331174018786
54 87.52376639421213
55 87.49091972732002
56 88.67740997006094
57 88.05426524234707
58 90.09863051851693
59 91.93611795172133
60 91.02846991318573
61 96.38036821654966
62 94.6720528887559
63 100.23049638490343
64 97.94753536223956
65 99.16811948217195
66 98.59109114844522
67 104.04252131886071
68 99.02345738384629
69 100.21480638061955
70 107.37414602292012
71 100.09774075424355
72 107.95531859962107
73 104.90815741161897
74 103.56102980589094
75 113.29494123138596
76 112.11384775177301
77 110.36923638763699
78 114.10984552111998
79 116.00032602048692
80 114.23071889923341
81 116.06952094874913
82 116.61445887644346
83 120.46992539777466
84 116.12628466116932
85 122.2450786082566
86 117.63457872224711
87 127.27665459624637
88 124.86130990388006
89 124.78593725941957
90 125.88371712443106
91 127.1712113213491
92 128.87527171758873
93 127.21680405884939
94 128.191796118851
95 126.9077655955449
96 131.44134119968584
97 133.03795369801216
98 133.8270059298534
99 137.9791299076491
100 138.30016737998838
101 134.135123082952
102 140.37162871725107
103 140.52267832085812
104 137.7706893976018
105 142.5355108558412
106 142.96411130532502
107 144.1983217597961
108 145.36238247923848
109 145.71712578991554
110 143.2606592756015
111 149.75226644244103
112 154.28422231140294
113 153.10054903489944
114 152.97717201688374
115 152.3794990696572
116 150.04490662432428
117 153.82550416889438
118 160.76932168605973
119 152.8982926766665
120 160.82346111857856
121 158.71737305841683
122 160.33329004749507
123 158.12744327623815
124 167.0054865001295
125 160.49511158250112
126 166.5207205176561
127 161.82476979923354
128 162.6270654683689
129 166.87337362623157
130 170.04301500880902
131 169.44876554765017
132 170.41698083623558
133 173.56713093146524
134 171.51118659475975
135 171.613930934151
136 175.2407142510757
137 177.5083044734301
138 175.20139744917472
139 172.52605786459955
140 177.68429690903847
141 178.74819660831324
142 181.97931179781006
143 179.9545558422762
144 184.914268307773
145 182.44322430710585
146 182.5277799537989
147 187.8821587697498
148 189.43513622623527
149 184.04125157583684
150 184.03128960363549
