1 0.0
2 1.8981353847464815
3 5.537929284328389
4 25.96498145432978
5 9.591974889180321
6 28.341342585692125
7 11.994151760460728
8 29.26624772114212
9 19.12700382107917
10 29.903877255503478
11 20.468922035180785
12 30.77504240193494
13 25.22590300192924
14 31.62922105473174
15 32.99096458323508
16 33.39363714015446
17 41.12035598929705
18 36.49895148445199
19 41.768556785010475
20 43.14013827560024
21 39.22997889135654
22 47.82632593310711
23 40.88722020901129
24 48.67770879461122
25 44.300691359582174
26 46.469876048226986
27 43.34671042142448
28 45.021244384589515
29 43.1206262060493
30 50.56213469783255
31 46.075953641013726
32 50.5432619757519
33 50.58293360018253
34 53.26134765517004
35 54.72668373095244
36 65.50734556876988
37 61.8242865658931
38 67.10902498277613
39 59.82718033200383
40 66.3791946369882
41 62.30014292682285
42 61.69907839339846
43 62.87829935408829
44 61.347418257250936
45 59.957434763147035
46 62.01154971729201
47 64.37478480161104
48 64.57005481669161
49 76.1688757878799
50 71.9563492218589
51 76.97703870618945
52 69.27727616281317
53 76.01485744935161
54 75.6334061510169
55 76.58301623793419
56 77.24573028280396
57 78.55160970805967
58 72.02512078034314
59 75.67291929178167
60 81.66098186647966
61 72.71472303031928
62 88.21988669047892
63 78.68230791786004
64 92.97455924419106
65 80.97338884906303
66 93.09859137384038
67 86.62006961702849
68 92.00961863917539
69 90.86190647802883
70 91.93120181434061
71 93.56456455687349
72 91.97847823230906
73 94.80840605062012
74 98.015421088539
75 101.91714452080113
76 101.46985600071518
77 103.76313669760358
78 103.50948579858459
79 111.91439815380446
80 105.92615100803555
81 116.45706518309825
82 114.7369773275423
83 116.90971347719383
84 110.84177421325633
85 110.68829403850404
86 107.01362085058605
87 110.87299915151695
88 104.79887377756688
89 113.36274242457424
90 104.56325630468905
91 111.59885905139899
92 115.53651572336163
93 114.24108257821128
94 111.79472434837143
95 125.25818182003405
96 117.69700477974338
97 128.8812023188285
98 120.95396384710756
99 131.98568681425888
100 123.88065826632935
101 127.45977598348571
102 122.33255395963116
103 123.23855456783853
104 118.34767334566455
105 124.20051779360803
106 117.41054711029635
107 126.12398737485547
108 131.91357409024315
109 127.0153447171408
110 133.59796312433667
111 122.32790761332392
112 130.97133128492902
113 121.37991081238197
114 128.66147229696887
115 122.60567985656652
116 133.845327637787
117 130.6397495278101
118 140.32424632519874
119 130.32610074684757
120 143.61992472006634
121 141.62312978992964
122 142.20481421749966
123 144.31051284604453
124 149.89189223528277
125 144.00602893068097
126 156.16994163339365
127 156.13490320771845
128 165.0613677605678
129 155.26681051067632
130 161.9985680491788
131 152.17943355741616
132 158.0163915913113
133 154.2019957583506
134 158.4586899159039
135 159.86845012230057
136 162.11677274614178
137 163.81912336404764
138 164.86833606581985
139 166.31899916482732
140 167.7755238084639
141 169.01028059987536
142 169.25620154650258
143 173.9841816951685
144 170.51806751130403
145 194.3440541053218
146 184.05671008998834
147 180.1737371185792
148 182.20025174065583
149 194.1930183540162
150 173.36182541781764
