1 0.0
2 1.889152963485752
3 5.3837058497369
4 26.43518438225361
5 9.324852064750091
6 28.81572799599157
7 13.187332257092327
8 29.72274850243078
9 26.70134251030744
10 30.338617917556277
11 26.601721679066372
12 30.953137191566555
13 25.28125907232374
14 31.928606330938756
15 33.93081673867332
16 40.571446671831055
17 37.45810424333974
18 40.43905517307343
19 42.33833947247233
20 42.462599756318085
21 41.64943703441511
22 46.30577352948843
23 39.989011592399045
24 45.417223566512824
25 42.64567377397647
26 45.08259929632538
27 42.300242202189466
28 52.467655020482574
29 41.58713173818559
30 53.44648439358519
31 44.35715951002483
32 56.38936241379623
33 49.5780484980649
34 55.47497196271949
35 51.27870391339061
36 59.967029412737304
37 51.82312939604149
38 60.44349567482297
39 53.692128101815065
40 51.00813427797616
41 64.8728513014631
42 56.1317208780712
43 65.13074793418431
44 62.333632129665645
45 68.10477861772485
46 62.218015292190906
47 63.77574550424557
48 66.64099819456322
49 63.67653331209027
50 70.64249760584468
51 67.31908803882024
52 72.20361839359549
53 76.6502399090329
54 72.4157214466189
55 72.19070618467151
56 76.25935310300414
57 70.05937823378343
58 78.91281024354595
59 74.71040840500926
60 75.57168404177446
61 77.62929076420038
62 78.37284923269266
63 85.8612740622938
64 91.52673918906373
65 89.0302792621217
66 98.90033629296212
67 91.5838105510883
68 92.62299821874204
69 87.25471470998282
70 85.52889433544411
71 88.16004345937445
72 86.13641718327372
73 89.97778574094879
74 82.64954685658633
75 89.31187087159825
76 80.82038846667427
77 89.67706609813723
78 81.42233085628894
79 97.94846240419959
80 94.50231888027554
81 102.17271364853708
82 106.12533085382758
83 105.05845162226728
84 115.07798303570674
85 109.18227284516026
86 114.33268858263166
87 107.51748444842661
88 117.71162088165559
89 110.03397045537311
90 119.8060024028962
91 117.58556774012787
92 122.79851167920556
93 121.88595554954401
94 118.85208632890198
95 110.5727638859251
96 117.3496566899869
97 109.69448400253405
98 120.98006578688288
99 127.53291998063276
100 128.8899741634283
101 123.63691984905361
102 120.42023351056935
103 131.0483318679655
104 120.69276866095191
105 131.31256864178488
106 125.21342977725816
107 136.48858353954475
108 132.2198615334222
109 134.02470627805158
110 134.70026637854605
111 138.476311295584
112 141.9397526318251
113 149.3300943160872
114 138.1147468906308
115 143.82841795872673
116 139.8370652542278
117 136.144998231582
118 142.9432511563864
119 128.40284953858531
120 146.03598565847827
121 133.08607430885542
122 148.3270974970619
123 131.17483501390487
124 146.93159754303267
125 136.19889325456566
126 147.7300475494685
127 138.65107614056416
128 161.68061972339024
129 138.61200103522137
130 162.73143870667414
131 145.5042058382913
132 166.20543983566958
133 152.0585913311595
134 169.6229847262488
135 151.3941060845646
136 172.56655138424827
137 163.34682121976465
138 170.91112655855173
139 163.01033425128153
140 177.096220350363
141 160.45979500144486
142 168.13910426175175
143 156.2406135441886
144 170.16481788091244
145 161.11532006694122
146 166.77753826797345
147 169.39732421050886
148 171.0931859613584
149 167.95798285263808
150 178.57752548602934
